[64, 76, 56]	2.042103216970517e-06
[64, 77, 56]	2.177980169307256e-06
[64, 78, 56]	2.2269315613505453e-06
[64, 79, 56]	2.041578815659031e-06
[64, 80, 56]	2.022115843264534e-06
[64, 81, 56]	2.1180132601193136e-06
[64, 82, 56]	2.389185461600168e-06
[64, 83, 56]	2.3562294024203216e-06
[65, 76, 56]	1.798731595754437e-06
[65, 77, 56]	1.6951529041323988e-06
[65, 78, 56]	1.5955599665703942e-06
[65, 79, 56]	1.6303886556456762e-06
[65, 80, 56]	1.6483816380055162e-06
[65, 81, 56]	1.6012332462117154e-06
[65, 82, 56]	1.462659166399487e-06
[65, 83, 56]	1.4555536791937381e-06
[66, 76, 56]	6.357835125395997e-07
[66, 77, 56]	6.19900390619648e-07
[66, 78, 56]	6.086925344911573e-07
[66, 79, 56]	6.133130209170029e-07
[66, 80, 56]	6.088017291842498e-07
[66, 81, 56]	5.981675720454155e-07
[66, 82, 56]	5.701589399671134e-07
[66, 83, 56]	5.663132635971623e-07
[67, 76, 56]	8.290236159669241e-07
[67, 77, 56]	8.053725972925054e-07
[67, 78, 56]	7.905627464290116e-07
[67, 79, 56]	7.976363833915878e-07
[67, 80, 56]	7.888103623122195e-07
[67, 81, 56]	7.70094717767016e-07
[67, 82, 56]	7.236359579536407e-07
[67, 83, 56]	7.1851673173994e-07
[68, 76, 56]	8.966982800645855e-07
[68, 77, 56]	8.6944730890555e-07
[68, 78, 56]	8.532148778673982e-07
[68, 79, 56]	8.629119145319211e-07
[68, 80, 56]	8.524866314525931e-07
[68, 81, 56]	8.302530300777742e-07
[68, 82, 56]	7.760841860917355e-07
[68, 83, 56]	7.706715594740325e-07
[69, 76, 56]	1.0562229772841418e-06
[69, 77, 56]	1.0195389997805011e-06
[69, 78, 56]	9.989838736117773e-07
[69, 79, 56]	1.014049604846924e-06
[69, 80, 56]	1.000351162600963e-06
[69, 81, 56]	9.69697840408712e-07
[69, 82, 56]	8.967128293293513e-07
[69, 83, 56]	8.906003389565525e-07
[70, 76, 56]	1.250015225310223e-06
[70, 77, 56]	1.2006200427406868e-06
[70, 78, 56]	1.173092195344586e-06
[70, 79, 56]	1.1924975487928288e-06
[70, 80, 56]	1.1743531764574204e-06
[70, 81, 56]	1.1321895837673635e-06
[70, 82, 56]	1.033666427944282e-06
[70, 83, 56]	1.0266032863021e-06
[71, 76, 56]	1.5506382292398673e-06
[71, 77, 56]	1.482040697666644e-06
[71, 78, 56]	1.4465210958880778e-06
[71, 79, 56]	1.4702523388631442e-06
[71, 80, 56]	1.4417252400398514e-06
[71, 81, 56]	1.3796161425299125e-06
[71, 82, 56]	1.2384399199551096e-06
[71, 83, 56]	1.2300156718994705e-06
[64, 76, 57]	1.708229641307143e-06
[64, 77, 57]	1.8213461103337458e-06
[64, 78, 57]	1.8803266014900993e-06
[64, 79, 57]	1.737317819163096e-06
[64, 80, 57]	1.7176075445520683e-06
[64, 81, 57]	1.8068926661144584e-06
[64, 82, 57]	2.083215578989326e-06
[64, 83, 57]	2.0533733349550167e-06
[65, 76, 57]	2.018712314007114e-06
[65, 77, 57]	1.8795895181849544e-06
[65, 78, 57]	1.7516307502207688e-06
[65, 79, 57]	1.8073378092185388e-06
[65, 80, 57]	1.837352810420786e-06
[65, 81, 57]	1.7794338055006924e-06
[65, 82, 57]	1.6037030333852919e-06
[65, 83, 57]	1.5964669217769766e-06
[66, 76, 57]	6.166511381013513e-07
[66, 77, 57]	6.006934198587055e-07
[66, 78, 57]	5.897301652931404e-07
[66, 79, 57]	5.945103223834259e-07
[66, 80, 57]	5.897043757168633e-07
[66, 81, 57]	5.79087353764242e-07
[66, 82, 57]	5.511318865411313e-07
[66, 83, 57]	5.471197349227127e-07
[67, 76, 57]	8.260228703281087e-07
[67, 77, 57]	8.010689037039112e-07
[67, 78, 57]	7.865380691418797e-07
[67, 79, 57]	7.948455827412846e-07
[67, 80, 57]	7.84861259991095e-07
[67, 81, 57]	7.649116494974494e-07
[67, 82, 57]	7.158169191541283e-07
[67, 83, 57]	7.103600916528706e-07
[68, 76, 57]	8.965469019240587e-07
[68, 77, 57]	8.677268585972696e-07
[68, 78, 57]	8.520549789846697e-07
[68, 79, 57]	8.635672348950857e-07
[68, 80, 57]	8.515909317768316e-07
[68, 81, 57]	8.277167917847022e-07
[68, 82, 57]	7.701513963387027e-07
[68, 83, 57]	7.643677658820699e-07
[69, 76, 57]	1.0659064800704315e-06
[69, 77, 57]	1.0267783101740027e-06
[69, 78, 57]	1.0074381114682944e-06
[69, 79, 57]	1.025823449674875e-06
[69, 80, 57]	1.0095499205629028e-06
[69, 81, 57]	9.760882969787482e-07
[69, 82, 57]	8.974426755488293e-07
[69, 83, 57]	8.908737160143795e-07
[70, 76, 57]	1.2920105434976002e-06
[70, 77, 57]	1.2371064466084901e-06
[70, 78, 57]	1.2111830691052763e-06
[70, 79, 57]	1.2369276630396245e-06
[70, 80, 57]	1.2138394833063495e-06
[70, 81, 57]	1.1653457611855898e-06
[70, 82, 57]	1.0542640429041247e-06
[70, 83, 57]	1.0465668623193546e-06
[71, 76, 57]	1.658844838405243e-06
[71, 77, 57]	1.579276652751728e-06
[71, 78, 57]	1.5485037936662613e-06
[71, 79, 57]	1.5840064741255608e-06
[71, 80, 57]	1.5434231330183803e-06
[71, 81, 57]	1.466762558376031e-06
[71, 82, 57]	1.2977669436244036e-06
[71, 83, 57]	1.2884214701528526e-06
[64, 76, 58]	1.4701959248037472e-06
[64, 77, 58]	1.5586256728074684e-06
[64, 78, 58]	1.6001897958136758e-06
[64, 79, 58]	1.4921165104737104e-06
[64, 80, 58]	1.4826670797333125e-06
[64, 81, 58]	1.5636519905983749e-06
[64, 82, 58]	1.8209296872717887e-06
[64, 83, 58]	1.7953490189621667e-06
[65, 76, 58]	2.0214504788212994e-06
[65, 77, 58]	1.884186304199108e-06
[65, 78, 58]	1.7480398646029966e-06
[65, 79, 58]	1.8066050500093532e-06
[65, 80, 58]	1.8516569872910555e-06
[65, 81, 58]	1.8074143920589327e-06
[65, 82, 58]	1.6458386220916423e-06
[65, 83, 58]	1.6388652210394517e-06
[66, 76, 58]	6.118732428164695e-07
[66, 77, 58]	5.952521323534092e-07
[66, 78, 58]	5.837857982876014e-07
[66, 79, 58]	5.890089534294803e-07
[66, 80, 58]	5.843121504399824e-07
[66, 81, 58]	5.735679087841924e-07
[66, 82, 58]	5.450840327978099e-07
[66, 83, 58]	5.409226802426625e-07
[67, 76, 58]	8.52660409927131e-07
[67, 77, 58]	8.242687899961665e-07
[67, 78, 58]	8.080435051701039e-07
[67, 79, 58]	8.187697864612935e-07
[67, 80, 58]	8.083081775108505e-07
[67, 81, 58]	7.861238013447471e-07
[67, 82, 58]	7.316722139277659e-07
[67, 83, 58]	7.25861686241788e-07
[68, 76, 58]	9.308653147850324e-07
[68, 77, 58]	8.977272751554373e-07
[68, 78, 58]	8.801398316141835e-07
[68, 79, 58]	8.951506255116248e-07
[68, 80, 58]	8.824920397236583e-07
[68, 81, 58]	8.556531940267486e-07
[68, 82, 58]	7.911892640723096e-07
[68, 83, 58]	7.850326634824867e-07
[69, 76, 58]	1.1250898559750005e-06
[69, 77, 58]	1.0786344600426744e-06
[69, 78, 58]	1.0564651203024165e-06
[69, 79, 58]	1.0814336388847862e-06
[69, 80, 58]	1.0639360667015293e-06
[69, 81, 58]	1.0251770478503855e-06
[69, 82, 58]	9.346413813692472e-07
[69, 83, 58]	9.276351924249377e-07
[70, 76, 58]	1.4067939442185392e-06
[70, 77, 58]	1.337207161678822e-06
[70, 78, 58]	1.3058931332327323e-06
[70, 79, 58]	1.3442193064748432e-06
[70, 80, 58]	1.3183058489175698e-06
[70, 81, 58]	1.2585710656474962e-06
[70, 82, 58]	1.1234492935485016e-06
[70, 83, 58]	1.1151816511670418e-06
[71, 76, 58]	1.9159082069113834e-06
[71, 77, 58]	1.802827067599355e-06
[71, 78, 58]	1.7638072065890702e-06
[71, 79, 58]	1.8271914778360973e-06
[71, 80, 58]	1.7753176998376238e-06
[71, 81, 58]	1.669241478128078e-06
[71, 82, 58]	1.4418202345044962e-06
[71, 83, 58]	1.4317543606067899e-06
[64, 76, 59]	1.1819801892932565e-06
[64, 77, 59]	1.238058281367495e-06
[64, 78, 59]	1.2603583472014812e-06
[64, 79, 59]	1.1906967819103465e-06
[64, 80, 59]	1.185230415905585e-06
[64, 81, 59]	1.240733987876056e-06
[64, 82, 59]	1.4126969892827794e-06
[64, 83, 59]	1.3943969070699273e-06
[65, 76, 59]	2.0747013733949795e-06
[65, 77, 59]	1.948509443205283e-06
[65, 78, 59]	1.8012948084813204e-06
[65, 79, 59]	1.8573008385273725e-06
[65, 80, 59]	1.921834938259893e-06
[65, 81, 59]	1.9021967225356085e-06
[65, 82, 59]	1.7742117893992475e-06
[65, 83, 59]	1.768215156648346e-06
[66, 76, 59]	6.357831556837714e-07
[66, 77, 59]	6.172185528044311e-07
[66, 78, 59]	6.045617296517577e-07
[66, 79, 59]	6.110758002094262e-07
[66, 80, 59]	6.062740072819057e-07
[66, 81, 59]	5.944947790707247e-07
[66, 82, 59]	5.633031985042742e-07
[66, 83, 59]	5.589103645845593e-07
[67, 76, 59]	9.299512786266789e-07
[67, 77, 59]	8.950147499933147e-07
[67, 78, 59]	8.759004631252073e-07
[67, 79, 59]	8.913047565523693e-07
[67, 80, 59]	8.793364682053612e-07
[67, 81, 59]	8.522124182468028e-07
[67, 82, 59]	7.866107199670794e-07
[67, 83, 59]	7.802887038827713e-07
[68, 76, 59]	1.0236435832198885e-06
[68, 77, 59]	9.824658511234824e-07
[68, 78, 59]	9.617831135642623e-07
[68, 79, 59]	9.835532237442616e-07
[68, 80, 59]	9.68798952057852e-07
[68, 81, 59]	9.355396257287507e-07
[68, 82, 59]	8.570092027703551e-07
[68, 83, 59]	8.50345758856322e-07
[69, 76, 59]	1.2711424898369787e-06
[69, 77, 59]	1.2106846132496853e-06
[69, 78, 59]	1.1840437194124338e-06
[69, 79, 59]	1.2224125929606174e-06
[69, 80, 59]	1.2010710529225674e-06
[69, 81, 59]	1.1506223487704317e-06
[69, 82, 59]	1.0354432008552965e-06
[69, 83, 59]	1.027899027287887e-06
[70, 76, 59]	1.6757921954309755e-06
[70, 77, 59]	1.5756738101771314e-06
[70, 78, 59]	1.5352402050475854e-06
[70, 79, 59]	1.6020406035584764e-06
[70, 80, 59]	1.5672194918586577e-06
[70, 81, 59]	1.4810217368843659e-06
[70, 82, 59]	1.2931713607365727e-06
[70, 83, 59]	1.2843167810775701e-06
[71, 76, 59]	2.5047984645550455e-06
[71, 77, 59]	2.3183359132623545e-06
[71, 78, 59]	2.271467009691428e-06
[71, 79, 59]	2.408761659172317e-06
[71, 80, 59]	2.319254587248328e-06
[71, 81, 59]	2.1372851463306693e-06
[71, 82, 59]	1.7721583003690665e-06
[71, 83, 59]	1.7620526706843654e-06
[64, 76, 60]	9.365925304575465e-07
[64, 77, 60]	9.694699295748201e-07
[64, 78, 60]	9.770726820354254e-07
[64, 79, 60]	9.343082412795142e-07
[64, 80, 60]	9.313765690571985e-07
[64, 81, 60]	9.66585144470785e-07
[64, 82, 60]	1.0715094889554387e-06
[64, 83, 60]	1.0581650798916976e-06
[65, 76, 60]	1.8831818099497054e-06
[65, 77, 60]	1.8121946101562949e-06
[65, 78, 60]	1.686123203815123e-06
[65, 79, 60]	1.7185826600222862e-06
[65, 80, 60]	1.7854911174157339e-06
[65, 81, 60]	1.8062880258059947e-06
[65, 82, 60]	1.7814895992790146e-06
[65, 83, 60]	1.774684529427996e-06
[66, 76, 60]	6.888410885991507e-07
[66, 77, 60]	6.664847903601744e-07
[66, 78, 60]	6.510738903341976e-07
[66, 79, 60]	6.604570553183105e-07
[66, 80, 60]	6.558153752176297e-07
[66, 81, 60]	6.420401458970147e-07
[66, 82, 60]	6.056862539827733e-07
[66, 83, 60]	6.009412272122408e-07
[67, 76, 60]	1.0811023108610001e-06
[67, 77, 60]	1.032646118580502e-06
[67, 78, 60]	1.0058413869521986e-06
[67, 79, 60]	1.0323529916359512e-06
[67, 80, 60]	1.0187461312863639e-06
[67, 81, 60]	9.818335481883842e-07
[67, 82, 60]	8.946612467813482e-07
[67, 83, 60]	8.875103794306088e-07
[68, 76, 60]	1.1993653923088292e-06
[68, 77, 60]	1.142221817085825e-06
[68, 78, 60]	1.1129386396794363e-06
[68, 79, 60]	1.1504228320734387e-06
[68, 80, 60]	1.1335017414981427e-06
[68, 81, 60]	1.088011871790411e-06
[68, 82, 60]	9.832726290671376e-07
[68, 83, 60]	9.758321053195637e-07
[69, 76, 60]	1.5535125238073008e-06
[69, 77, 60]	1.4636786741149606e-06
[69, 78, 60]	1.4226256705215013e-06
[69, 79, 60]	1.4949766361845272e-06
[69, 80, 60]	1.4698148146778915e-06
[69, 81, 60]	1.395766469125038e-06
[69, 82, 60]	1.232136543428095e-06
[69, 83, 60]	1.22385698708444e-06
[70, 76, 60]	2.2702136955376234e-06
[70, 77, 60]	2.089342085714536e-06
[70, 78, 60]	2.0110284577002816e-06
[70, 79, 60]	2.1723214528242234e-06
[70, 80, 60]	2.1265750741841294e-06
[70, 81, 60]	1.97218377042832e-06
[70, 82, 60]	1.6563032182656456e-06
[70, 83, 60]	1.6470763824990108e-06
[71, 76, 60]	4.1770530301902015e-06
[71, 77, 60]	3.739047619133092e-06
[71, 78, 60]	3.6159378057434148e-06
[71, 79, 60]	4.191902335805618e-06
[71, 80, 60]	3.989728095864109e-06
[71, 81, 60]	3.498501293012866e-06
[71, 82, 60]	2.6416771698101986e-06
[71, 83, 60]	2.6370294273682794e-06
[64, 76, 61]	8.04253021768268e-07
[64, 77, 61]	8.281056019724864e-07
[64, 78, 61]	8.310648896645329e-07
[64, 79, 61]	7.975014701324524e-07
[64, 80, 61]	7.946827300428622e-07
[64, 81, 61]	8.204723528212936e-07
[64, 82, 61]	8.953454782232932e-07
[64, 83, 61]	8.839793711997296e-07
[65, 76, 61]	1.716215385961542e-06
[65, 77, 61]	1.6830481217200345e-06
[65, 78, 61]	1.5779249529257272e-06
[65, 79, 61]	1.5847674346113866e-06
[65, 80, 61]	1.6427799484009226e-06
[65, 81, 61]	1.6822758046827959e-06
[65, 82, 61]	1.7244982646384354e-06
[65, 83, 61]	1.7145970146770392e-06
[66, 76, 61]	7.459704951172842e-07
[66, 77, 61]	7.195000074800878e-07
[66, 78, 61]	7.009706981504176e-07
[66, 79, 61]	7.131045328149649e-07
[66, 80, 61]	7.085429858485868e-07
[66, 81, 61]	6.923855686745639e-07
[66, 82, 61]	6.499960096978821e-07
[66, 83, 61]	6.448291114165181e-07
[67, 76, 61]	1.2425872163847516e-06
[67, 77, 61]	1.1790116982387487e-06
[67, 78, 61]	1.1426269693132048e-06
[67, 79, 61]	1.1804617399162012e-06
[67, 80, 61]	1.164667483763851e-06
[67, 81, 61]	1.1159435159193312e-06
[67, 82, 61]	1.0036698041586662e-06
[67, 83, 61]	9.953655818691153e-07
[68, 76, 61]	1.4042318935732662e-06
[68, 77, 61]	1.3276197510256894e-06
[68, 78, 61]	1.2866264363309524e-06
[68, 79, 61]	1.3424357592383352e-06
[68, 80, 61]	1.3221306366230744e-06
[68, 81, 61]	1.2600666996725495e-06
[68, 82, 61]	1.1213654590377645e-06
[68, 83, 61]	1.1126881600667265e-06
[69, 76, 61]	1.9090789978527424e-06
[69, 77, 61]	1.7806978154735356e-06
[69, 78, 61]	1.7172787432194367e-06
[69, 79, 61]	1.8357797418676867e-06
[69, 80, 61]	1.8043324998817891e-06
[69, 81, 61]	1.6948664877515564e-06
[69, 82, 61]	1.4624128379460185e-06
[69, 83, 61]	1.4525300966956412e-06
[70, 76, 61]	3.0214741859528605e-06
[70, 77, 61]	2.7437044994803054e-06
[70, 78, 61]	2.5971413978932066e-06
[70, 79, 61]	2.89339235573493e-06
[70, 80, 61]	2.836078531574122e-06
[70, 81, 61]	2.5814127063492348e-06
[70, 82, 61]	2.0859792872537774e-06
[70, 83, 61]	2.0742576614595275e-06
[71, 76, 61]	5.577591082381071e-06
[71, 77, 61]	5.41423953076809e-06
[71, 78, 61]	5.19671509157672e-06
[71, 79, 61]	6.129490058295804e-06
[71, 80, 61]	5.869174262081734e-06
[71, 81, 61]	5.219809148631035e-06
[71, 82, 61]	3.824901589977704e-06
[71, 83, 61]	3.818957941144074e-06
[64, 76, 62]	6.983825337584099e-07
[64, 77, 62]	7.169371806175921e-07
[64, 78, 62]	7.196282779068379e-07
[64, 79, 62]	6.906018192761348e-07
[64, 80, 62]	6.866918095648872e-07
[64, 81, 62]	7.059725519870846e-07
[64, 82, 62]	7.607284611715529e-07
[64, 83, 62]	7.510685654678666e-07
[65, 76, 62]	1.6783941424588327e-06
[65, 77, 62]	1.681820915801009e-06
[65, 78, 62]	1.5962571755864683e-06
[65, 79, 62]	1.5672477264613337e-06
[65, 80, 62]	1.6192361376869943e-06
[65, 81, 62]	1.6828406062169886e-06
[65, 82, 62]	1.8051485830593955e-06
[65, 83, 62]	1.7928720274040647e-06
[66, 76, 62]	8.402547841360276e-07
[66, 77, 62]	8.071664604945331e-07
[66, 78, 62]	7.85237121239652e-07
[66, 79, 62]	8.009116423433516e-07
[66, 80, 62]	7.953213655257053e-07
[66, 81, 62]	7.746536853654902e-07
[66, 82, 62]	7.211586369006281e-07
[66, 83, 62]	7.154542169925885e-07
[67, 76, 62]	1.519693954759048e-06
[67, 77, 62]	1.4315539180429138e-06
[67, 78, 62]	1.3876997244650985e-06
[67, 79, 62]	1.4393131652127164e-06
[67, 80, 62]	1.4117066862511839e-06
[67, 81, 62]	1.3387766035950613e-06
[67, 82, 62]	1.177935884466569e-06
[67, 83, 62]	1.1679790846320372e-06
[68, 76, 62]	1.783753816451313e-06
[68, 77, 62]	1.6738634589917705e-06
[68, 78, 62]	1.6265208036447735e-06
[68, 79, 62]	1.7103731868037088e-06
[68, 80, 62]	1.6693210068562834e-06
[68, 81, 62]	1.5688823551003719e-06
[68, 82, 62]	1.357187131455873e-06
[68, 83, 62]	1.3468021509573356e-06
[69, 76, 62]	2.6805212936996865e-06
[69, 77, 62]	2.4822609365678662e-06
[69, 78, 62]	2.4186751718051803e-06
[69, 79, 62]	2.6367988006280082e-06
[69, 80, 62]	2.540034219367646e-06
[69, 81, 62]	2.3252729630540562e-06
[69, 82, 62]	1.910202613650584e-06
[69, 83, 62]	1.898370702600733e-06
[70, 76, 62]	4.8380809143187075e-06
[70, 77, 62]	4.568487740495034e-06
[70, 78, 62]	4.513041806176638e-06
[70, 79, 62]	5.100481295633429e-06
[70, 80, 62]	4.70393270200311e-06
[70, 81, 62]	4.109538010855858e-06
[70, 82, 62]	3.0557335668487916e-06
[70, 83, 62]	3.040746441890891e-06
[71, 76, 62]	4.326114158317392e-06
[71, 77, 62]	5.196025528543935e-06
[71, 78, 62]	6.110108421979466e-06
[71, 79, 62]	5.109870679246611e-06
[71, 80, 62]	4.755178573142819e-06
[71, 81, 62]	5.04431607505875e-06
[71, 82, 62]	5.1818698778107784e-06
[71, 83, 62]	5.141166770459144e-06
