# INFO
cv  rho volume(LCFS)[cm]   R_axis[cm]   U_loop[V]    time[s]
    51.26922               520.483      0.           0.0000

cv  number of grid points  points up to separtrix  fourier coefficients
    28                     21                      3

cv  sqrt( (Psi-Psi_ax) / (Psi_sep - Psi_ax) )
    0.00000    0.05000    0.10000    0.15000    0.20000    0.25000    0.30000
    0.35000    0.40000    0.45000    0.50000    0.55000    0.60000    0.65000
    0.70000    0.75000    0.80000    0.85000    0.90000    0.95000    1.00000
    1.02381    1.04762    1.07143    1.09524    1.11905    1.14286    1.16667

cv  rho volume / rho_volume(LCFS)
    0.00000    0.05000    0.10000    0.15000    0.20000    0.25000    0.30000
    0.35000    0.40000    0.45000    0.50000    0.55000    0.60000    0.65000
    0.70000    0.75000    0.80000    0.85000    0.90000    0.95000    1.00000
    1.02381    1.04762    1.07143    1.09524    1.11905    1.14286    1.16667

cv  large radius low field side / R_axis
    1.00000    1.00487    1.00975    1.01462    1.01950    1.02437    1.02925
    1.03412    1.03899    1.04387    1.04874    1.05362    1.05849    1.06337
    1.06824    1.07312    1.07799    1.08286    1.08774    1.09261    1.09749
    1.09981    1.10213    1.10445    1.10677    1.10909    1.11141    1.11373

cv  large radius high field side / R_axis
    1.00000    0.99513    0.99025    0.98538    0.98050    0.97563    0.97075
    0.96588    0.96101    0.95613    0.95126    0.94638    0.94151    0.93663
    0.93176    0.92688    0.92201    0.91714    0.91226    0.90739    0.90251
    0.90019    0.89787    0.89555    0.89323    0.89091    0.88859    0.88627

cv  safety factor
    0.00000   0.00000   0.00000   0.00000   0.00000   0.00000   0.00000
    0.00000   0.00000   0.00000   0.00000   0.00000   0.00000   0.00000
    0.00000   0.00000   0.00000   0.00000   0.00000   0.00000   0.00000

cv  fraction of circulating particles
    0.00000   0.00000   0.00000   0.00000   0.00000   0.00000   0.00000
    0.00000   0.00000   0.00000   0.00000   0.00000   0.00000   0.00000
    0.00000   0.00000   0.00000   0.00000   0.00000   0.00000   0.00000

cv  Integral( dl_p / B_p) [m/T]
    0.00000   0.00000   0.00000   0.00000   0.00000   0.00000   0.00000
    0.00000   0.00000   0.00000   0.00000   0.00000   0.00000   0.00000
    0.00000   0.00000   0.00000   0.00000   0.00000   0.00000   0.00000

cv  < B_total > [T]
    0.00000   0.00000   0.00000   0.00000   0.00000   0.00000   0.00000
    0.00000   0.00000   0.00000   0.00000   0.00000   0.00000   0.00000
    0.00000   0.00000   0.00000   0.00000   0.00000   0.00000   0.00000

cv  < B_total**2 > [T**2]
    0.00000   0.00000   0.00000   0.00000   0.00000   0.00000   0.00000
    0.00000   0.00000   0.00000   0.00000   0.00000   0.00000   0.00000
    0.00000   0.00000   0.00000   0.00000   0.00000   0.00000   0.00000

cv  < 1./B_total**2 > [1/T**2]
    0.00000   0.00000   0.00000   0.00000   0.00000   0.00000   0.00000
    0.00000   0.00000   0.00000   0.00000   0.00000   0.00000   0.00000
    0.00000   0.00000   0.00000   0.00000   0.00000   0.00000   0.00000

cv  < R B_T > [m*T]
    0.00000   0.00000   0.00000   0.00000   0.00000   0.00000   0.00000
    0.00000   0.00000   0.00000   0.00000   0.00000   0.00000   0.00000
    0.00000   0.00000   0.00000   0.00000   0.00000   0.00000   0.00000

cv  < R**2 B_p**2/B**2 > [m**2]
    0.00000   0.00000   0.00000   0.00000   0.00000   0.00000   0.00000
    0.00000   0.00000   0.00000   0.00000   0.00000   0.00000   0.00000
    0.00000   0.00000   0.00000   0.00000   0.00000   0.00000   0.00000

cv  < 1/R**2 > [1/m**2]
    0.00000   0.00000   0.00000   0.00000   0.00000   0.00000   0.00000
    0.00000   0.00000   0.00000   0.00000   0.00000   0.00000   0.00000
    0.00000   0.00000   0.00000   0.00000   0.00000   0.00000   0.00000

cv  < cos (m theta) B_total**2 > [T**2]
    0.00000   0.00000   0.00000   0.00000   0.00000   0.00000   0.00000
    0.00000   0.00000   0.00000   0.00000   0.00000   0.00000   0.00000
    0.00000   0.00000   0.00000   0.00000   0.00000   0.00000   0.00000
    0.00000   0.00000   0.00000   0.00000   0.00000   0.00000   0.00000
    0.00000   0.00000   0.00000   0.00000   0.00000   0.00000   0.00000
    0.00000   0.00000   0.00000   0.00000   0.00000   0.00000   0.00000
    0.00000   0.00000   0.00000   0.00000   0.00000   0.00000   0.00000
    0.00000   0.00000   0.00000   0.00000   0.00000   0.00000   0.00000
    0.00000   0.00000   0.00000   0.00000   0.00000   0.00000   0.00000

cv  < sin (m theta) B_total**2 > [T**2]
    0.00000   0.00000   0.00000   0.00000   0.00000   0.00000   0.00000
    0.00000   0.00000   0.00000   0.00000   0.00000   0.00000   0.00000
    0.00000   0.00000   0.00000   0.00000   0.00000   0.00000   0.00000
    0.00000   0.00000   0.00000   0.00000   0.00000   0.00000   0.00000
    0.00000   0.00000   0.00000   0.00000   0.00000   0.00000   0.00000
    0.00000   0.00000   0.00000   0.00000   0.00000   0.00000   0.00000
    0.00000   0.00000   0.00000   0.00000   0.00000   0.00000   0.00000
    0.00000   0.00000   0.00000   0.00000   0.00000   0.00000   0.00000
    0.00000   0.00000   0.00000   0.00000   0.00000   0.00000   0.00000

cv  < cos (m theta) B_total ln(B_total) > [Tln(T)]
    0.00000   0.00000   0.00000   0.00000   0.00000   0.00000   0.00000
    0.00000   0.00000   0.00000   0.00000   0.00000   0.00000   0.00000
    0.00000   0.00000   0.00000   0.00000   0.00000   0.00000   0.00000
    0.00000   0.00000   0.00000   0.00000   0.00000   0.00000   0.00000
    0.00000   0.00000   0.00000   0.00000   0.00000   0.00000   0.00000
    0.00000   0.00000   0.00000   0.00000   0.00000   0.00000   0.00000
    0.00000   0.00000   0.00000   0.00000   0.00000   0.00000   0.00000
    0.00000   0.00000   0.00000   0.00000   0.00000   0.00000   0.00000
    0.00000   0.00000   0.00000   0.00000   0.00000   0.00000   0.00000

cv  < sin (m theta) B_total ln(B_total) > [Tln(T)]
    0.00000   0.00000   0.00000   0.00000   0.00000   0.00000   0.00000
    0.00000   0.00000   0.00000   0.00000   0.00000   0.00000   0.00000
    0.00000   0.00000   0.00000   0.00000   0.00000   0.00000   0.00000
    0.00000   0.00000   0.00000   0.00000   0.00000   0.00000   0.00000
    0.00000   0.00000   0.00000   0.00000   0.00000   0.00000   0.00000
    0.00000   0.00000   0.00000   0.00000   0.00000   0.00000   0.00000
    0.00000   0.00000   0.00000   0.00000   0.00000   0.00000   0.00000
    0.00000   0.00000   0.00000   0.00000   0.00000   0.00000   0.00000
    0.00000   0.00000   0.00000   0.00000   0.00000   0.00000   0.00000

cv  < grad(rho_volume) >
    0.00000   0.00000   0.00000   0.00000   0.00000   0.00000   0.00000
    0.00000   0.00000   0.00000   0.00000   0.00000   0.00000   0.00000
    0.00000   0.00000   0.00000   0.00000   0.00000   0.00000   0.00000

cv  < grad(rho_volume**2) >
    0.00000   0.00000   0.00000   0.00000   0.00000   0.00000   0.00000
    0.00000   0.00000   0.00000   0.00000   0.00000   0.00000   0.00000
    0.00000   0.00000   0.00000   0.00000   0.00000   0.00000   0.00000

cv  Bp at LFS equator [T]
    0.00000   0.00000   0.00000   0.00000   0.00000   0.00000   0.00000
    0.00000   0.00000   0.00000   0.00000   0.00000   0.00000   0.00000
    0.00000   0.00000   0.00000   0.00000   0.00000   0.00000   0.00000

