# INFO

# NE
cv  # time-vector [s]
    1
    3.421

cv  # ne function
    'interp'

cv  # interpolation coordinates
    'volume rho'

cv  # of ne interpolation points
    50

cv  # x-grid for ne-interpolation
    0.000000000  0.020408163  0.040816327  0.061224490  0.081632653  0.102040816  0.122448980  0.142857143  0.163265306  0.183673469  0.204081633  0.224489796  0.244897959  0.265306122  0.285714286  0.306122449  0.326530612  0.346938776  0.367346939  0.387755102  0.408163265  0.428571429  0.448979592  0.469387755  0.489795918  0.510204082  0.530612245  0.551020408  0.571428571  0.591836735  0.612244898  0.632653061  0.653061224  0.673469388  0.693877551  0.714285714  0.734693878  0.755102041  0.775510204  0.795918367  0.816326531  0.836734694  0.857142857  0.877551020  0.897959184  0.918367347  0.938775510  0.959183673  0.979591837  1.000000000

cv  # ne data
    1.21208e+14  1.000000000  1.009255429  1.017916876  1.025458544  1.031441779  1.035515072  1.037414057  1.036961513  1.034067364  1.028728675  1.021029659  1.011141669  0.999323205  0.985918455  0.971321409  0.955913911  0.940054512  0.924078452  0.908297658  0.893000747  0.878453024  0.864896483  0.852549807  0.841608366  0.832244221  0.824605975  0.818807783  0.814896085  0.812838609  0.812524234  0.813762982  0.816286022  0.819745671  0.823715391  0.827689792  0.831084629  0.833236805  0.833404369  0.830766514  0.824423584  0.813397067  0.796629597  0.772984956  0.741248072  0.700125019  0.648243017  0.584150435  0.506316786  0.413132731  0.302910077

cv  # ne decay length [cm]
    5.0

# TE
cv  # time-vector [s]
    1
    3.421

cv  # Te function
    'interp'

cv  # interpolation coordinates
    'volume rho'

cv  # of Te interpolation points
    50

cv  # x-grid for Te-interpolation
    0.00000  0.02041  0.04082  0.06122  0.08163  0.10204  0.12245  0.14286  0.16327  0.18367  0.20408  0.22449  0.24490  0.26531  0.28571  0.30612  0.32653  0.34694  0.36735  0.38776  0.40816  0.42857  0.44898  0.46939  0.48980  0.51020  0.53061  0.55102  0.57143  0.59184  0.61224  0.63265  0.65306  0.67347  0.69388  0.71429  0.73469  0.75510  0.77551  0.79592  0.81633  0.83673  0.85714  0.87755  0.89796  0.91837  0.93878  0.95918  0.97959  1.00000

cv  # Te data
    2137.61  1.00000  1.01465  1.01854  1.01270  0.99816  0.97593  0.94703  0.91250  0.87334  0.83058  0.78525  0.73836  0.69093  0.64400  0.59857  0.55568  0.51591  0.47920  0.44538  0.41431  0.38582  0.35977  0.33601  0.31437  0.29471  0.27688  0.26072  0.24607  0.23280  0.22073  0.20972  0.19962  0.19028  0.18153  0.17323  0.16522  0.15736  0.14948  0.14144  0.13308  0.12425  0.11480  0.10456  0.09340  0.08116  0.06767  0.05280  0.03639  0.01828  0.00167

cv  # Te decay length [cm]
    5.0

# TI
cv  # time-vector
    0
    0.000

