# INFO

# NE
cv  # time-vector [s]
    1
    3.421

cv  # ne function
    'interp'

cv  # interpolation coordinates
    'volume rho'

cv  # of ne interpolation points
    100

cv  # x-grid for ne-interpolation
    0.000000000  0.010101010  0.020202020  0.030303030  0.040404040  0.050505051  0.060606061  0.070707071  0.080808081  0.090909091  0.101010101  0.111111111  0.121212121  0.131313131  0.141414141  0.151515152  0.161616162  0.171717172  0.181818182  0.191919192  0.202020202  0.212121212  0.222222222  0.232323232  0.242424242  0.252525253  0.262626263  0.272727273  0.282828283  0.292929293  0.303030303  0.313131313  0.323232323  0.333333333  0.343434343  0.353535354  0.363636364  0.373737374  0.383838384  0.393939394  0.404040404  0.414141414  0.424242424  0.434343434  0.444444444  0.454545455  0.464646465  0.474747475  0.484848485  0.494949495  0.505050505  0.515151515  0.525252525  0.535353535  0.545454545  0.555555556  0.565656566  0.575757576  0.585858586  0.595959596  0.606060606  0.616161616  0.626262626  0.636363636  0.646464646  0.656565657  0.666666667  0.676767677  0.686868687  0.696969697  0.707070707  0.717171717  0.727272727  0.737373737  0.747474747  0.757575758  0.767676768  0.777777778  0.787878788  0.797979798  0.808080808  0.818181818  0.828282828  0.838383838  0.848484848  0.858585859  0.868686869  0.878787879  0.888888889  0.898989899  0.909090909  0.919191919  0.929292929  0.939393939  0.949494949  0.959595960  0.969696970  0.979797980  0.989898990  1.000000000

cv  # ne data
    1.21542e+14  1.000000000  0.996492460  0.993137967  0.989930907  0.986865667  0.983936634  0.981138193  0.978464732  0.975910637  0.973470295  0.971138091  0.968908413  0.966775647  0.964734179  0.962778396  0.960902685  0.959101431  0.957369022  0.955699844  0.954088283  0.952528726  0.951015560  0.949543170  0.948105944  0.946698267  0.945314527  0.943949110  0.942596402  0.941250790  0.939906661  0.938558400  0.937200395  0.935827031  0.934432696  0.933011776  0.931558657  0.930067726  0.928533369  0.926949973  0.925311924  0.923613610  0.921847483  0.919997756  0.918046442  0.915975557  0.913767113  0.911403125  0.908865607  0.906136574  0.903198038  0.900032015  0.896620518  0.892945562  0.888989160  0.884733327  0.880160076  0.875251422  0.869989379  0.864355961  0.858333181  0.851903055  0.845047596  0.837748818  0.829988736  0.821749363  0.813012713  0.803760801  0.793975640  0.783639245  0.772733630  0.761240809  0.749142796  0.736421604  0.723059249  0.709037744  0.694339103  0.678945340  0.662838470  0.646000506  0.628413463  0.610059354  0.590920194  0.570977997  0.550214776  0.528612547  0.506153323  0.482819117  0.458591945  0.433453820  0.407386757  0.380372768  0.352393870  0.323432075  0.293469397  0.262487851  0.230469451  0.197396211  0.163250145  0.128013267  0.091667590

cv  # ne decay length [cm]
    5.0

# TE
cv  # time-vector [s]
    1
    3.421

cv  # Te function
    'interp'

cv  # interpolation coordinates
    'volume rho'

cv  # of Te interpolation points
    100

cv  # x-grid for Te-interpolation
    0.00000  0.01010  0.02020  0.03030  0.04040  0.05051  0.06061  0.07071  0.08081  0.09091  0.10101  0.11111  0.12121  0.13131  0.14141  0.15152  0.16162  0.17172  0.18182  0.19192  0.20202  0.21212  0.22222  0.23232  0.24242  0.25253  0.26263  0.27273  0.28283  0.29293  0.30303  0.31313  0.32323  0.33333  0.34343  0.35354  0.36364  0.37374  0.38384  0.39394  0.40404  0.41414  0.42424  0.43434  0.44444  0.45455  0.46465  0.47475  0.48485  0.49495  0.50505  0.51515  0.52525  0.53535  0.54545  0.55556  0.56566  0.57576  0.58586  0.59596  0.60606  0.61616  0.62626  0.63636  0.64646  0.65657  0.66667  0.67677  0.68687  0.69697  0.70707  0.71717  0.72727  0.73737  0.74747  0.75758  0.76768  0.77778  0.78788  0.79798  0.80808  0.81818  0.82828  0.83838  0.84848  0.85859  0.86869  0.87879  0.88889  0.89899  0.90909  0.91919  0.92929  0.93939  0.94949  0.95960  0.96970  0.97980  0.98990  1.00000

cv  # Te data
    2358.96  1.00000  0.99161  0.98218  0.97176  0.96042  0.94823  0.93525  0.92153  0.90713  0.89212  0.87653  0.86044  0.84389  0.82694  0.80962  0.79200  0.77412  0.75602  0.73774  0.71934  0.70085  0.68231  0.66376  0.64524  0.62678  0.60842  0.59018  0.57211  0.55422  0.53656  0.51914  0.50199  0.48514  0.46861  0.45242  0.43659  0.42113  0.40608  0.39143  0.37721  0.36343  0.35010  0.33723  0.32483  0.31290  0.30146  0.29050  0.28004  0.27006  0.26058  0.25158  0.24307  0.23505  0.22750  0.22043  0.21382  0.20766  0.20194  0.19665  0.19177  0.18730  0.18321  0.17948  0.17610  0.17304  0.17028  0.16780  0.16557  0.16357  0.16176  0.16012  0.15862  0.15722  0.15589  0.15460  0.15331  0.15197  0.15056  0.14902  0.14733  0.14543  0.14327  0.14082  0.13802  0.13483  0.13119  0.12706  0.12237  0.11707  0.11111  0.10443  0.09697  0.08866  0.07946  0.06928  0.05807  0.04577  0.03230  0.01759  0.00157

cv  # Te decay length [cm]
    5.0

# TI
cv  # time-vector
    0
    0.000

