# INFO

# NE
cv  # time-vector [s]
    1
    0.687

cv  # ne function
    'interp'

cv  # interpolation coordinates
    'poloidal rho'

cv  # of ne interpolation points
    54

cv  # x-grid for ne-interpolation
    0.017712434  0.037217314  0.056722195  0.076227075  0.095731956  0.115236836  0.134741717  0.154246597  0.173751478  0.193256358  0.212761239  0.232266119  0.251771000  0.271275880  0.290780761  0.310285641  0.329790522  0.349295402  0.368800283  0.388305163  0.407810044  0.427314924  0.446819805  0.466324685  0.485829566  0.505334446  0.524839327  0.544344207  0.563849087  0.583353968  0.602858848  0.622363729  0.641868609  0.661373490  0.680878370  0.700383251  0.719888131  0.739393012  0.758897892  0.778402773  0.797907653  0.817412534  0.836917414  0.856422295  0.875927175  0.895432056  0.914936936  0.934441817  0.953946697  0.973451578  0.992956458  1.012461339  1.031966219  1.051471100

cv  # ne data
    6.45889e+13  1.000000000  1.000942855  1.001701461  1.002275721  1.002665621  1.002871235  1.002892720  1.002730322  1.002384369  1.001855277  1.001143544  1.000249753  0.999174571  0.997918747  0.996483113  0.994868582  0.993076149  0.991106887  0.988961951  0.986642572  0.984150060  0.981485800  0.978651252  0.975647952  0.972477508  0.969141599  0.965641975  0.961980455  0.958158927  0.954179344  0.950043724  0.945754149  0.941312763  0.936721771  0.931983436  0.927100077  0.922074072  0.916907849  0.911603891  0.906164729  0.900592946  0.894891168  0.889062069  0.883108363  0.877032809  0.870838203  0.864527379  0.858103206  0.851568589  0.844926461  0.838179787  0.831331561  0.824384801  0.817342549

cv  # ne decay length [cm]
    0.5

# TE
cv  # time-vector [s]
    1
    0.687

cv  # Te function
    'interp'

cv  # interpolation coordinates
    'poloidal rho'

cv  # of Te interpolation points
    54

cv  # x-grid for Te-interpolation
    0.01771  0.03722  0.05672  0.07623  0.09573  0.11524  0.13474  0.15425  0.17375  0.19326  0.21276  0.23227  0.25177  0.27128  0.29078  0.31029  0.32979  0.34930  0.36880  0.38831  0.40781  0.42731  0.44682  0.46632  0.48583  0.50533  0.52484  0.54434  0.56385  0.58335  0.60286  0.62236  0.64187  0.66137  0.68088  0.70038  0.71989  0.73939  0.75890  0.77840  0.79791  0.81741  0.83692  0.85642  0.87593  0.89543  0.91494  0.93444  0.95395  0.97345  0.99296  1.01246  1.03197  1.05147

cv  # Te data
4079.24  1.00000  0.99364  0.98349  0.96965  0.95225  0.93145  0.90747  0.88054  0.85092  0.81890  0.78480  0.74893  0.71162  0.67322  0.63406  0.59448  0.55480  0.51533  0.47637  0.43819  0.40104  0.36515  0.33072  0.29792  0.26689  0.23773  0.21053  0.18535  0.16221  0.14112  0.12203  0.10493  0.08973  0.07636  0.06472  0.05471  0.04621  0.03910  0.03325  0.02854  0.02485  0.02204  0.01999  0.01860  0.01775  0.01733  0.01727  0.01747  0.01786  0.01837  0.01895  0.01954  0.02010  0.02061

cv  # Te decay length [cm]
    0.5

# TI
cv  # time-vector
    0
    0.0000

