# INFO

# NE
cv  # time-vector [s]
    1
    2.2205

cv  # ne function
    'interp'

cv  # interpolation coordinates
    'volume rho'

cv  # of ne interpolation points
    50

cv  # x-grid for ne-interpolation
    0.000000000  0.020408163  0.040816327  0.061224490  0.081632653  0.102040816  0.122448980  0.142857143  0.163265306  0.183673469  0.204081633  0.224489796  0.244897959  0.265306122  0.285714286  0.306122449  0.326530612  0.346938776  0.367346939  0.387755102  0.408163265  0.428571429  0.448979592  0.469387755  0.489795918  0.510204082  0.530612245  0.551020408  0.571428571  0.591836735  0.612244898  0.632653061  0.653061224  0.673469388  0.693877551  0.714285714  0.734693878  0.755102041  0.775510204  0.795918367  0.816326531  0.836734694  0.857142857  0.877551020  0.897959184  0.918367347  0.938775510  0.959183673  0.979591837  1.000000000

cv  # ne data
    9.94424e+13  1.000000000  1.021653513  1.038151765  1.049974964  1.057586328  1.061432078  1.061941445  1.059526664  1.054582977  1.047488634  1.038604891  1.028276011  1.016829263  1.004574922  0.991806271  0.978799599  0.965814307  0.953093413  0.940863813  0.929336295  0.918705536  0.909150102  0.900832447  0.893898917  0.888479745  0.884688922  0.882614070  0.882285813  0.883667650  0.886655823  0.891079319  0.896699868  0.903211943  0.910242759  0.917352278  0.924033201  0.929710977  0.933743795  0.935422589  0.933971035  0.928545554  0.918235311  0.902062212  0.878980907  0.847878792  0.807576003  0.756825422  0.694312673  0.618656124  0.528406886

cv  # ne decay length [cm]
    5.0

# TE
cv  # time-vector [s]
    1
    2.2205

cv  # Te function
    'interp'

cv  # interpolation coordinates
    'volume rho'

cv  # of Te interpolation points
    50

cv  # x-grid for Te-interpolation
    0.00000  0.02041  0.04082  0.06122  0.08163  0.10204  0.12245  0.14286  0.16327  0.18367  0.20408  0.22449  0.24490  0.26531  0.28571  0.30612  0.32653  0.34694  0.36735  0.38776  0.40816  0.42857  0.44898  0.46939  0.48980  0.51020  0.53061  0.55102  0.57143  0.59184  0.61224  0.63265  0.65306  0.67347  0.69388  0.71429  0.73469  0.75510  0.77551  0.79592  0.81633  0.83673  0.85714  0.87755  0.89796  0.91837  0.93878  0.95918  0.97959  1.00000

cv  # Te data
    2671.33  1.00000  0.99721  0.98838  0.97404  0.95470  0.93087  0.90307  0.87180  0.83759  0.80094  0.76238  0.72241  0.68155  0.64031  0.59921  0.55877  0.51949  0.48188  0.44647  0.41377  0.38428  0.35817  0.33515  0.31491  0.29715  0.28156  0.26782  0.25562  0.24465  0.23461  0.22518  0.21605  0.20691  0.19746  0.18737  0.17638  0.16449  0.15190  0.13881  0.12541  0.11189  0.09845  0.08529  0.07260  0.06057  0.04941  0.03931  0.03045  0.02305  0.01728

cv  # Te decay length [cm]
    5.0

# TI
cv  # time-vector
    0
    0.0000

