# INFO

# NE
cv  # time-vector [s]
    1
    0.621

cv  # ne function
    'interp'

cv  # interpolation coordinates
    'poloidal rho'

cv  # of ne interpolation points
    100

cv  # x-grid for ne-interpolation
    0.000000000  0.010101010  0.020202020  0.030303030  0.040404040  0.050505051  0.060606061  0.070707071  0.080808081  0.090909091  0.101010101  0.111111111  0.121212121  0.131313131  0.141414141  0.151515152  0.161616162  0.171717172  0.181818182  0.191919192  0.202020202  0.212121212  0.222222222  0.232323232  0.242424242  0.252525253  0.262626263  0.272727273  0.282828283  0.292929293  0.303030303  0.313131313  0.323232323  0.333333333  0.343434343  0.353535354  0.363636364  0.373737374  0.383838384  0.393939394  0.404040404  0.414141414  0.424242424  0.434343434  0.444444444  0.454545455  0.464646465  0.474747475  0.484848485  0.494949495  0.505050505  0.515151515  0.525252525  0.535353535  0.545454545  0.555555556  0.565656566  0.575757576  0.585858586  0.595959596  0.606060606  0.616161616  0.626262626  0.636363636  0.646464646  0.656565657  0.666666667  0.676767677  0.686868687  0.696969697  0.707070707  0.717171717  0.727272727  0.737373737  0.747474747  0.757575758  0.767676768  0.777777778  0.787878788  0.797979798  0.808080808  0.818181818  0.828282828  0.838383838  0.848484848  0.858585859  0.868686869  0.878787879  0.888888889  0.898989899  0.909090909  0.919191919  0.929292929  0.939393939  0.949494949  0.959595960  0.969696970  0.979797980  0.989898990  1.000000000

cv  # ne data
    6.18859e+13  1.000000000  0.993960438  0.988602621  0.983903661  0.979840672  0.976390766  0.973531056  0.971238653  0.969490672  0.968264224  0.967536422  0.967284378  0.967485206  0.968116018  0.969153926  0.970576043  0.972359482  0.974481356  0.976918776  0.979648856  0.982648708  0.985895445  0.989366179  0.993038024  0.996888091  1.000893493  1.005031344  1.009278754  1.013612838  1.018010708  1.022449476  1.026906255  1.031358158  1.035782297  1.040155784  1.044455734  1.048659257  1.052743467  1.056685476  1.060462397  1.064051343  1.067429425  1.070573758  1.073461453  1.076069623  1.078375380  1.080355838  1.081988109  1.083249305  1.084116539  1.084566924  1.084577573  1.084125597  1.083188109  1.081742223  1.079765051  1.077233705  1.074125298  1.070416943  1.066085752  1.061108838  1.055463313  1.049126291  1.042074883  1.034286203  1.025737362  1.016405474  1.006267651  0.995301006  0.983482652  0.970789700  0.957199265  0.942688457  0.927234390  0.910814177  0.893404930  0.874983762  0.855527785  0.835014112  0.813419856  0.790722128  0.766898043  0.741924712  0.715779248  0.688438764  0.659880372  0.630081185  0.599018316  0.566668877  0.533009980  0.498018739  0.461672266  0.423947673  0.384822074  0.344272580  0.302276305  0.258810361  0.213851861  0.167377917  0.119365642

cv  # ne decay length [cm]
    5.0

# TE
cv  # time-vector [s]
    1
    0.621

cv  # Te function
    'interp'

cv  # interpolation coordinates
    'volume rho'

cv  # of Te interpolation points
    100

cv  # x-grid for Te-interpolation
    0.00000  0.01010  0.02020  0.03030  0.04040  0.05051  0.06061  0.07071  0.08081  0.09091  0.10101  0.11111  0.12121  0.13131  0.14141  0.15152  0.16162  0.17172  0.18182  0.19192  0.20202  0.21212  0.22222  0.23232  0.24242  0.25253  0.26263  0.27273  0.28283  0.29293  0.30303  0.31313  0.32323  0.33333  0.34343  0.35354  0.36364  0.37374  0.38384  0.39394  0.40404  0.41414  0.42424  0.43434  0.44444  0.45455  0.46465  0.47475  0.48485  0.49495  0.50505  0.51515  0.52525  0.53535  0.54545  0.55556  0.56566  0.57576  0.58586  0.59596  0.60606  0.61616  0.62626  0.63636  0.64646  0.65657  0.66667  0.67677  0.68687  0.69697  0.70707  0.71717  0.72727  0.73737  0.74747  0.75758  0.76768  0.77778  0.78788  0.79798  0.80808  0.81818  0.82828  0.83838  0.84848  0.85859  0.86869  0.87879  0.88889  0.89899  0.90909  0.91919  0.92929  0.93939  0.94949  0.95960  0.96970  0.97980  0.98990  1.00000

cv  # Te data
    3016.09  1.00000  0.98306  0.96576  0.94814  0.93024  0.91209  0.89373  0.87519  0.85650  0.83769  0.81880  0.79986  0.78089  0.76193  0.74299  0.72412  0.70532  0.68663  0.66808  0.64968  0.63145  0.61342  0.59560  0.57803  0.56070  0.54365  0.52688  0.51041  0.49427  0.47845  0.46298  0.44786  0.43311  0.41873  0.40474  0.39115  0.37795  0.36516  0.35278  0.34082  0.32928  0.31816  0.30747  0.29720  0.28736  0.27794  0.26894  0.26036  0.25220  0.24445  0.23711  0.23016  0.22361  0.21743  0.21164  0.20620  0.20112  0.19638  0.19197  0.18787  0.18407  0.18055  0.17730  0.17430  0.17153  0.16898  0.16661  0.16442  0.16237  0.16045  0.15863  0.15689  0.15520  0.15353  0.15186  0.15016  0.14840  0.14655  0.14457  0.14244  0.14012  0.13759  0.13479  0.13171  0.12829  0.12451  0.12032  0.11569  0.11058  0.10494  0.09873  0.09191  0.08444  0.07627  0.06735  0.05764  0.04709  0.03565  0.02327  0.00990

cv  # Te decay length [cm]
    5.0

# TI
cv  # time-vector
    0
    0.000

