# INFO

# NE
cv  # time-vector [s]
    1
    7.1539

cv  # ne function
    'interp'

cv  # interpolation coordinates
    'volume rho'

cv  # of ne interpolation points
    50

cv  # x-grid for ne-interpolation
    0.000000000  0.020408163  0.040816327  0.061224490  0.081632653  0.102040816  0.122448980  0.142857143  0.163265306  0.183673469  0.204081633  0.224489796  0.244897959  0.265306122  0.285714286  0.306122449  0.326530612  0.346938776  0.367346939  0.387755102  0.408163265  0.428571429  0.448979592  0.469387755  0.489795918  0.510204082  0.530612245  0.551020408  0.571428571  0.591836735  0.612244898  0.632653061  0.653061224  0.673469388  0.693877551  0.714285714  0.734693878  0.755102041  0.775510204  0.795918367  0.816326531  0.836734694  0.857142857  0.877551020  0.897959184  0.918367347  0.938775510  0.959183673  0.979591837  1.000000000

cv  # ne data
    1.26417e+14  1.000000000  0.959638298  0.933827811  0.920131681  0.916113050  0.919335062  0.927360860  0.937753585  0.948076381  0.955892391  0.958769092  0.955193048  0.945701426  0.931108852  0.912229951  0.889879351  0.864871677  0.838021556  0.810143613  0.782052475  0.754562768  0.728489118  0.704646152  0.683848494  0.666910773  0.654616207  0.647025674  0.643477707  0.643279435  0.645737986  0.650160487  0.655854067  0.662125852  0.668282972  0.673632554  0.677481726  0.679137616  0.677907352  0.673098061  0.664016872  0.649970912  0.630267310  0.604213193  0.571115689  0.530281926  0.481019033  0.422634136  0.354434364  0.275726845  0.185818706

cv  # ne decay length [cm]
    5.0

# TE
cv  # time-vector [s]
    1
    7.1539

cv  # Te function
    'interp'

cv  # interpolation coordinates
    'volume rho'

cv  # of Te interpolation points
    50

cv  # x-grid for Te-interpolation
    0.00000  0.02041  0.04082  0.06122  0.08163  0.10204  0.12245  0.14286  0.16327  0.18367  0.20408  0.22449  0.24490  0.26531  0.28571  0.30612  0.32653  0.34694  0.36735  0.38776  0.40816  0.42857  0.44898  0.46939  0.48980  0.51020  0.53061  0.55102  0.57143  0.59184  0.61224  0.63265  0.65306  0.67347  0.69388  0.71429  0.73469  0.75510  0.77551  0.79592  0.81633  0.83673  0.85714  0.87755  0.89796  0.91837  0.93878  0.95918  0.97959  1.00000

cv  # Te data
    2535.95  1.00000  0.95885  0.92785  0.90496  0.88818  0.87547  0.86483  0.85424  0.84166  0.82509  0.80250  0.77279  0.73688  0.69597  0.65126  0.60394  0.55521  0.50626  0.45829  0.41250  0.37009  0.33224  0.30017  0.27474  0.25543  0.24126  0.23126  0.22448  0.21994  0.21668  0.21374  0.21015  0.20495  0.19749  0.18796  0.17665  0.16390  0.14999  0.13525  0.11998  0.10450  0.08912  0.07414  0.05988  0.04665  0.03475  0.02450  0.01621  0.01019  0.00675

cv  # Te decay length [cm]
    5.0

# TI
cv  # time-vector
    0
    0.000

