# INFO

# NE
cv  # time-vector [s]
    1
    2.2205

cv  # ne function
    'interp'

cv  # interpolation coordinates
    'volume rho'

cv  # of ne interpolation points
    50

cv  # x-grid for ne-interpolation
    0.000000000  0.020408163  0.040816327  0.061224490  0.081632653  0.102040816  0.122448980  0.142857143  0.163265306  0.183673469  0.204081633  0.224489796  0.244897959  0.265306122  0.285714286  0.306122449  0.326530612  0.346938776  0.367346939  0.387755102  0.408163265  0.428571429  0.448979592  0.469387755  0.489795918  0.510204082  0.530612245  0.551020408  0.571428571  0.591836735  0.612244898  0.632653061  0.653061224  0.673469388  0.693877551  0.714285714  0.734693878  0.755102041  0.775510204  0.795918367  0.816326531  0.836734694  0.857142857  0.877551020  0.897959184  0.918367347  0.938775510  0.959183673  0.979591837  1.000000000

cv  # ne data
    1.07825e+14  1.000000000  0.983909097  0.974877285  0.970916451  0.970264056  0.971383139  0.972962312  0.973915766  0.973383263  0.970730143  0.965547322  0.957651289  0.947084111  0.934113428  0.919232457  0.903159863  0.886795338  0.871002132  0.856494227  0.843832551  0.833424975  0.825526314  0.820238330  0.817509726  0.817136152  0.818760696  0.821911407  0.826114861  0.830933682  0.835967041  0.840850648  0.845256759  0.848894174  0.851508236  0.852880830  0.852830386  0.851211878  0.847916823  0.842873281  0.836045856  0.827435695  0.817080490  0.805054475  0.791468428  0.776469671  0.760242069  0.743006030  0.725018507  0.706572996  0.687999535

cv  # ne decay length [cm]
    5.0

# TE
cv  # time-vector [s]
    1
    2.2205

cv  # Te function
    'interp'

cv  # interpolation coordinates
    'volume rho'

cv  # of Te interpolation points
    50

cv  # x-grid for Te-interpolation
    0.00000  0.02041  0.04082  0.06122  0.08163  0.10204  0.12245  0.14286  0.16327  0.18367  0.20408  0.22449  0.24490  0.26531  0.28571  0.30612  0.32653  0.34694  0.36735  0.38776  0.40816  0.42857  0.44898  0.46939  0.48980  0.51020  0.53061  0.55102  0.57143  0.59184  0.61224  0.63265  0.65306  0.67347  0.69388  0.71429  0.73469  0.75510  0.77551  0.79592  0.81633  0.83673  0.85714  0.87755  0.89796  0.91837  0.93878  0.95918  0.97959  1.00000

cv  # Te data
    2669.06  1.00000  0.99750  0.98891  0.97474  0.95553  0.93177  0.90401  0.87274  0.83850  0.80180  0.76316  0.72310  0.68214  0.64080  0.59960  0.55905  0.51968  0.48201  0.44654  0.41382  0.38433  0.35826  0.33530  0.31514  0.29748  0.28198  0.26833  0.25622  0.24532  0.23533  0.22591  0.21677  0.20757  0.19801  0.18776  0.17654  0.16438  0.15152  0.13817  0.12456  0.11092  0.09748  0.08446  0.07209  0.06060  0.05022  0.04117  0.03368  0.02797  0.02428

cv  # Te decay length [cm]
    5.0

# TI
cv  # time-vector
    0
    0.0000

