# INFO

# NE
cv  # time-vector [s]
    1
    3.421

cv  # ne function
    'interp'

cv  # interpolation coordinates
    'poloidal rho'

cv  # of ne interpolation points
    54

cv  # x-grid for ne-interpolation
    0.017712434  0.037217314  0.056722195  0.076227075  0.095731956  0.115236836  0.134741717  0.154246597  0.173751478  0.193256358  0.212761239  0.232266119  0.251771000  0.271275880  0.290780761  0.310285641  0.329790522  0.349295402  0.368800283  0.388305163  0.407810044  0.427314924  0.446819805  0.466324685  0.485829566  0.505334446  0.524839327  0.544344207  0.563849087  0.583353968  0.602858848  0.622363729  0.641868609  0.661373490  0.680878370  0.700383251  0.719888131  0.739393012  0.758897892  0.778402773  0.797907653  0.817412534  0.836917414  0.856422295  0.875927175  0.895432056  0.914936936  0.934441817  0.953946697  0.973451578  0.992956458  1.012461339  1.031966219  1.051471100

cv  # ne data
    1.16621e+14  1.000000000  0.998365544  0.996260528  0.993690741  0.990662411  0.987182191  0.983257143  0.978894730  0.974102794  0.968889547  0.963263553  0.957233715  0.950809254  0.943999699  0.936814867  0.929264846  0.921359980  0.913110850  0.904528260  0.895623215  0.886406908  0.876890703  0.867086112  0.857004783  0.846658485  0.836059081  0.825218523  0.814148827  0.802862060  0.791370321  0.779685729  0.767820402  0.755786447  0.743595940  0.731260912  0.718793337  0.706205114  0.693508057  0.680713879  0.667834179  0.654880429  0.641863965  0.628795972  0.615687473  0.602549321  0.589392184  0.576226540  0.563062665  0.549910625  0.536780268  0.523681214  0.510622851  0.497614327  0.484664542

cv  # ne decay length [cm]
    0.5

# TE
cv  # time-vector [s]
    1
    3.421

cv  # Te function
    'interp'

cv  # interpolation coordinates
    'poloidal rho'

cv  # of Te interpolation points
    54

cv  # x-grid for Te-interpolation
    0.01771  0.03722  0.05672  0.07623  0.09573  0.11524  0.13474  0.15425  0.17375  0.19326  0.21276  0.23227  0.25177  0.27128  0.29078  0.31029  0.32979  0.34930  0.36880  0.38831  0.40781  0.42731  0.44682  0.46632  0.48583  0.50533  0.52484  0.54434  0.56385  0.58335  0.60286  0.62236  0.64187  0.66137  0.68088  0.70038  0.71989  0.73939  0.75890  0.77840  0.79791  0.81741  0.83692  0.85642  0.87593  0.89543  0.91494  0.93444  0.95395  0.97345  0.99296  1.01246  1.03197  1.05147

cv  # Te data
    6508.02  1.00000  0.96354  0.90928  0.83974  0.75828  0.66881  0.57558  0.48279  0.39436  0.31364  0.24326  0.18493  0.13949  0.10687  0.08622  0.07605  0.07441  0.07912  0.08793  0.09872  0.10963  0.11918  0.12629  0.13032  0.13105  0.12859  0.12335  0.11588  0.10689  0.09706  0.08704  0.07738  0.06850  0.06067  0.05402  0.04856  0.04417  0.04070  0.03791  0.03559  0.03350  0.03147  0.02934  0.02701  0.02444  0.02163  0.01861  0.01545  0.01223  0.00906  0.00601  0.00318  0.00063  0.00000

cv  # Te decay length [cm]
    0.5

# TI
cv  # time-vector
    0
    0.000

