# INFO

# NE
cv  # time-vector [s]
    1
    7.1539

cv  # ne function
    'interp'

cv  # interpolation coordinates
    'volume rho'

cv  # of ne interpolation points
    100

cv  # x-grid for ne-interpolation
    0.000000000  0.010101010  0.020202020  0.030303030  0.040404040  0.050505051  0.060606061  0.070707071  0.080808081  0.090909091  0.101010101  0.111111111  0.121212121  0.131313131  0.141414141  0.151515152  0.161616162  0.171717172  0.181818182  0.191919192  0.202020202  0.212121212  0.222222222  0.232323232  0.242424242  0.252525253  0.262626263  0.272727273  0.282828283  0.292929293  0.303030303  0.313131313  0.323232323  0.333333333  0.343434343  0.353535354  0.363636364  0.373737374  0.383838384  0.393939394  0.404040404  0.414141414  0.424242424  0.434343434  0.444444444  0.454545455  0.464646465  0.474747475  0.484848485  0.494949495  0.505050505  0.515151515  0.525252525  0.535353535  0.545454545  0.555555556  0.565656566  0.575757576  0.585858586  0.595959596  0.606060606  0.616161616  0.626262626  0.636363636  0.646464646  0.656565657  0.666666667  0.676767677  0.686868687  0.696969697  0.707070707  0.717171717  0.727272727  0.737373737  0.747474747  0.757575758  0.767676768  0.777777778  0.787878788  0.797979798  0.808080808  0.818181818  0.828282828  0.838383838  0.848484848  0.858585859  0.868686869  0.878787879  0.888888889  0.898989899  0.909090909  0.919191919  0.929292929  0.939393939  0.949494949  0.959595960  0.969696970  0.979797980  0.989898990  1.000000000

cv  # ne data
    1.20575e+14  1.000000000  0.996204129  0.992429435  0.988673859  0.984935344  0.981211832  0.977501262  0.973801579  0.970110723  0.966426635  0.962747259  0.959070534  0.955394404  0.951716809  0.948035692  0.944348995  0.940654658  0.936950623  0.933234833  0.929505230  0.925759753  0.921996347  0.918212951  0.914407509  0.910577961  0.906722249  0.902838315  0.898924101  0.894977548  0.890996599  0.886979194  0.882923276  0.878826787  0.874687667  0.870503859  0.866273304  0.861993944  0.857663722  0.853280577  0.848842453  0.844347291  0.839791642  0.835166124  0.830459773  0.825661626  0.820760719  0.815746088  0.810606770  0.805331802  0.799910219  0.794331058  0.788583355  0.782656147  0.776538470  0.770219361  0.763687855  0.756932990  0.749943801  0.742709325  0.735218599  0.727460658  0.719424539  0.711099279  0.702473914  0.693537480  0.684279014  0.674687551  0.664752129  0.654461784  0.643805551  0.632772469  0.621351572  0.609531897  0.597302481  0.584652360  0.571570571  0.558046149  0.544068131  0.529625554  0.514707453  0.499302866  0.483400828  0.466990377  0.450060548  0.432600377  0.414598902  0.396045158  0.376928182  0.357237011  0.336960680  0.316088226  0.294608685  0.272511094  0.249784490  0.226417908  0.202400384  0.177720956  0.152368660  0.126332532  0.099601608

cv  # ne decay length [cm]
    5.0

# TE
cv  # time-vector [s]
    1
    7.1539

cv  # Te function
    'interp'

cv  # interpolation coordinates
    'volume rho'

cv  # of Te interpolation points
    100

cv  # x-grid for Te-interpolation
    0.00000  0.01010  0.02020  0.03030  0.04040  0.05051  0.06061  0.07071  0.08081  0.09091  0.10101  0.11111  0.12121  0.13131  0.14141  0.15152  0.16162  0.17172  0.18182  0.19192  0.20202  0.21212  0.22222  0.23232  0.24242  0.25253  0.26263  0.27273  0.28283  0.29293  0.30303  0.31313  0.32323  0.33333  0.34343  0.35354  0.36364  0.37374  0.38384  0.39394  0.40404  0.41414  0.42424  0.43434  0.44444  0.45455  0.46465  0.47475  0.48485  0.49495  0.50505  0.51515  0.52525  0.53535  0.54545  0.55556  0.56566  0.57576  0.58586  0.59596  0.60606  0.61616  0.62626  0.63636  0.64646  0.65657  0.66667  0.67677  0.68687  0.69697  0.70707  0.71717  0.72727  0.73737  0.74747  0.75758  0.76768  0.77778  0.78788  0.79798  0.80808  0.81818  0.82828  0.83838  0.84848  0.85859  0.86869  0.87879  0.88889  0.89899  0.90909  0.91919  0.92929  0.93939  0.94949  0.95960  0.96970  0.97980  0.98990  1.00000

cv  # Te data
    2117.02  1.00000  1.02079  1.03820  1.05239  1.06351  1.07171  1.07716  1.07999  1.08034  1.07838  1.07422  1.06800  1.05987  1.04993  1.03834  1.02519  1.01063  0.99475  0.97768  0.95952  0.94039  0.92038  0.89960  0.87814  0.85610  0.83357  0.81064  0.78740  0.76392  0.74029  0.71658  0.69286  0.66921  0.64568  0.62235  0.59927  0.57650  0.55410  0.53211  0.51059  0.48957  0.46910  0.44922  0.42996  0.41135  0.39343  0.37622  0.35974  0.34401  0.32904  0.31486  0.30147  0.28888  0.27709  0.26610  0.25591  0.24652  0.23791  0.23008  0.22300  0.21667  0.21106  0.20615  0.20190  0.19829  0.19529  0.19285  0.19094  0.18952  0.18853  0.18793  0.18768  0.18770  0.18794  0.18835  0.18885  0.18938  0.18986  0.19023  0.19040  0.19030  0.18984  0.18893  0.18748  0.18541  0.18261  0.17899  0.17443  0.16885  0.16212  0.15414  0.14479  0.13396  0.12151  0.10734  0.09130  0.07327  0.05312  0.03071  0.00590

cv  # Te decay length [cm]
    5.0

# TI
cv  # time-vector
    0
    0.000

