# INFO

# NE
cv  # time-vector [s]
    1
    2.221

cv  # ne function
    'interp'

cv  # interpolation coordinates
    'poloidal rho'

cv  # of ne interpolation points
    54

cv  # x-grid for ne-interpolation
    0.017712434  0.037217314  0.056722195  0.076227075  0.095731956  0.115236836  0.134741717  0.154246597  0.173751478  0.193256358  0.212761239  0.232266119  0.251771000  0.271275880  0.290780761  0.310285641  0.329790522  0.349295402  0.368800283  0.388305163  0.407810044  0.427314924  0.446819805  0.466324685  0.485829566  0.505334446  0.524839327  0.544344207  0.563849087  0.583353968  0.602858848  0.622363729  0.641868609  0.661373490  0.680878370  0.700383251  0.719888131  0.739393012  0.758897892  0.778402773  0.797907653  0.817412534  0.836917414  0.856422295  0.875927175  0.895432056  0.914936936  0.934441817  0.953946697  0.973451578  0.992956458  1.012461339  1.031966219  1.051471100

cv  # ne data
    8.59636e+13  1.000000000  1.001570926  1.003136633  1.004697100  1.006252303  1.007802220  1.009346829  1.010886108  1.012420034  1.013948587  1.015471744  1.016989482  1.018501781  1.020008619  1.021509974  1.023005824  1.024496150  1.025980928  1.027460138  1.028933759  1.030401769  1.031864149  1.033320876  1.034771931  1.036217292  1.037656939  1.039090852  1.040519010  1.041941393  1.043357981  1.044768753  1.046173691  1.047572772  1.048965979  1.050353291  1.051734689  1.053110152  1.054479663  1.055843200  1.057200746  1.058552281  1.059897786  1.061237242  1.062570631  1.063897933  1.065219129  1.066534203  1.067843134  1.069145905  1.070442498  1.071732894  1.073017075  1.074295024  1.075566723

cv  # ne decay length [cm]
    0.5

# TE
cv  # time-vector [s]
    1
    2.221

cv  # Te function
    'interp'

cv  # interpolation coordinates
    'poloidal rho'

cv  # of Te interpolation points
    54

cv  # x-grid for Te-interpolation
    0.01771  0.03722  0.05672  0.07623  0.09573  0.11524  0.13474  0.15425  0.17375  0.19326  0.21276  0.23227  0.25177  0.27128  0.29078  0.31029  0.32979  0.34930  0.36880  0.38831  0.40781  0.42731  0.44682  0.46632  0.48583  0.50533  0.52484  0.54434  0.56385  0.58335  0.60286  0.62236  0.64187  0.66137  0.68088  0.70038  0.71989  0.73939  0.75890  0.77840  0.79791  0.81741  0.83692  0.85642  0.87593  0.89543  0.91494  0.93444  0.95395  0.97345  0.99296  1.01246  1.03197  1.05147

cv  # Te data
    4122.86  1.00000  0.99669  0.98907  0.97722  0.96127  0.94140  0.91784  0.89085  0.86074  0.82786  0.79256  0.75523  0.71626  0.67605  0.63502  0.59354  0.55201  0.51079  0.47022  0.43061  0.39224  0.35537  0.32021  0.28692  0.25567  0.22654  0.19960  0.17490  0.15242  0.13214  0.11401  0.09795  0.08387  0.07165  0.06116  0.05227  0.04484  0.03872  0.03377  0.02984  0.02681  0.02453  0.02288  0.02174  0.02102  0.02061  0.02044  0.02042  0.02049  0.02060  0.02072  0.02079  0.02081  0.02074

cv  # Te decay length [cm]
    0.5

# TI
cv  # time-vector
    0
    0.000
