# INFO

# NE
cv  # time-vector [s]
    1
    7.1539

cv  # ne function
    'interp'

cv  # interpolation coordinates
    'volume rho'

cv  # of ne interpolation points
    50

cv  # x-grid for ne-interpolation
    0.000000000  0.020408163  0.040816327  0.061224490  0.081632653  0.102040816  0.122448980  0.142857143  0.163265306  0.183673469  0.204081633  0.224489796  0.244897959  0.265306122  0.285714286  0.306122449  0.326530612  0.346938776  0.367346939  0.387755102  0.408163265  0.428571429  0.448979592  0.469387755  0.489795918  0.510204082  0.530612245  0.551020408  0.571428571  0.591836735  0.612244898  0.632653061  0.653061224  0.673469388  0.693877551  0.714285714  0.734693878  0.755102041  0.775510204  0.795918367  0.816326531  0.836734694  0.857142857  0.877551020  0.897959184  0.918367347  0.938775510  0.959183673  0.979591837  1.000000000

cv  # ne data
    1.18309e+14  1.000000000  0.987098690  0.981190570  0.980857771  0.984682423  0.991246657  0.999132603  1.006922392  1.013198154  1.016542019  1.015538858  1.009354083  0.998448387  0.983457716  0.965018021  0.943765250  0.920335353  0.895364279  0.869487976  0.843342394  0.817563482  0.792787188  0.769649463  0.748786254  0.730833511  0.716404365  0.705587116  0.697945237  0.693019382  0.690350205  0.689478358  0.689944497  0.691289275  0.693053344  0.694777360  0.696001976  0.696267845  0.695115621  0.692085959  0.686719511  0.678556931  0.667138874  0.652005992  0.632698940  0.608758371  0.579724939  0.545139297  0.504542100  0.457474001  0.403475654

cv  # ne decay length [cm]
    5.0

# TE
cv  # time-vector [s]
    1
    7.1539

cv  # Te function
    'interp'

cv  # interpolation coordinates
    'volume rho'

cv  # of Te interpolation points
    50

cv  # x-grid for Te-interpolation
    0.00000  0.02041  0.04082  0.06122  0.08163  0.10204  0.12245  0.14286  0.16327  0.18367  0.20408  0.22449  0.24490  0.26531  0.28571  0.30612  0.32653  0.34694  0.36735  0.38776  0.40816  0.42857  0.44898  0.46939  0.48980  0.51020  0.53061  0.55102  0.57143  0.59184  0.61224  0.63265  0.65306  0.67347  0.69388  0.71429  0.73469  0.75510  0.77551  0.79592  0.81633  0.83673  0.85714  0.87755  0.89796  0.91837  0.93878  0.95918  0.97959  1.00000

cv  # Te data
    2538.60  1.00000  0.95843  0.92712  0.90405  0.88717  0.87444  0.86383  0.85330  0.84081  0.82433  0.80182  0.77215  0.73627  0.69537  0.65065  0.60331  0.55455  0.50559  0.45761  0.41182  0.36942  0.33162  0.29961  0.27428  0.25509  0.24106  0.23120  0.22454  0.22012  0.21694  0.21405  0.21045  0.20518  0.19759  0.18788  0.17637  0.16341  0.14931  0.13441  0.11905  0.10354  0.08823  0.07344  0.05951  0.04676  0.03552  0.02613  0.01892  0.01421  0.01235

cv  # Te decay length [cm]
    5.0

# TI
cv  # time-vector
    0
    0.000

