# INFO

# NE
cv  # time-vector [s]
    1
    7.1539

cv  # ne function
    'interp'

cv  # interpolation coordinates
    'volume rho'

cv  # of ne interpolation points
    50

cv  # x-grid for ne-interpolation
    0.000000000  0.020408163  0.040816327  0.061224490  0.081632653  0.102040816  0.122448980  0.142857143  0.163265306  0.183673469  0.204081633  0.224489796  0.244897959  0.265306122  0.285714286  0.306122449  0.326530612  0.346938776  0.367346939  0.387755102  0.408163265  0.428571429  0.448979592  0.469387755  0.489795918  0.510204082  0.530612245  0.551020408  0.571428571  0.591836735  0.612244898  0.632653061  0.653061224  0.673469388  0.693877551  0.714285714  0.734693878  0.755102041  0.775510204  0.795918367  0.816326531  0.836734694  0.857142857  0.877551020  0.897959184  0.918367347  0.938775510  0.959183673  0.979591837  1.000000000

cv  # ne data
    1.22813e+14  1.000000000  0.971395263  0.954105829  0.946131110  0.945470524  0.950123484  0.958089405  0.967367702  0.975957790  0.981859084  0.983074650  0.978381698  0.968284650  0.953521634  0.934830776  0.912950203  0.888618043  0.862572422  0.835551467  0.808293304  0.781536061  0.756017865  0.732476842  0.711651120  0.694278824  0.681070353  0.672098325  0.666797580  0.664575229  0.664838380  0.666994145  0.670449634  0.674611958  0.678888225  0.682685548  0.685411035  0.686471798  0.685274946  0.681227590  0.673736840  0.662209806  0.646053599  0.624675329  0.597482106  0.563881040  0.523279242  0.475083822  0.418701890  0.353540556  0.279006931

cv  # ne decay length [cm]
    5.0

# TE
cv  # time-vector [s]
    1
    7.1539

cv  # Te function
    'interp'

cv  # interpolation coordinates
    'volume rho'

cv  # of Te interpolation points
    50

cv  # x-grid for Te-interpolation
    0.00000  0.02041  0.04082  0.06122  0.08163  0.10204  0.12245  0.14286  0.16327  0.18367  0.20408  0.22449  0.24490  0.26531  0.28571  0.30612  0.32653  0.34694  0.36735  0.38776  0.40816  0.42857  0.44898  0.46939  0.48980  0.51020  0.53061  0.55102  0.57143  0.59184  0.61224  0.63265  0.65306  0.67347  0.69388  0.71429  0.73469  0.75510  0.77551  0.79592  0.81633  0.83673  0.85714  0.87755  0.89796  0.91837  0.93878  0.95918  0.97959  1.00000

cv  # Te data
    2537.12  1.00000  0.95866  0.92752  0.90455  0.88773  0.87501  0.86439  0.85382  0.84128  0.82475  0.80219  0.77251  0.73661  0.69570  0.65099  0.60366  0.55492  0.50596  0.45799  0.41220  0.36979  0.33196  0.29992  0.27454  0.25528  0.24117  0.23123  0.22451  0.22002  0.21680  0.21388  0.21029  0.20505  0.19754  0.18792  0.17653  0.16368  0.14969  0.13488  0.11957  0.10408  0.08873  0.07383  0.05972  0.04670  0.03509  0.02523  0.01742  0.01198  0.00924

cv  # Te decay length [cm]
    5.0

# TI
cv  # time-vector
    0
    0.000

