# INFO

# NE
cv  # time-vector [s]
    1
    7.1539

cv  # ne function
    'interp'

cv  # interpolation coordinates
    'poloidal rho'

cv  # of ne interpolation points
    54

cv  # x-grid for ne-interpolation
    0.017712434  0.037217314  0.056722195  0.076227075  0.095731956  0.115236836  0.134741717  0.154246597  0.173751478  0.193256358  0.212761239  0.232266119  0.251771000  0.271275880  0.290780761  0.310285641  0.329790522  0.349295402  0.368800283  0.388305163  0.407810044  0.427314924  0.446819805  0.466324685  0.485829566  0.505334446  0.524839327  0.544344207  0.563849087  0.583353968  0.602858848  0.622363729  0.641868609  0.661373490  0.680878370  0.700383251  0.719888131  0.739393012  0.758897892  0.778402773  0.797907653  0.817412534  0.836917414  0.856422295  0.875927175  0.895432056  0.914936936  0.934441817  0.953946697  0.973451578  0.992956458  1.012461339  1.031966219  1.051471100

cv  # ne data
    1.11068e+14  1.000000000  0.998679981  0.996870892  0.994579033  0.991811160  0.988574473  0.984876600  0.980725580  0.976129851  0.971098228  0.965639892  0.959764371  0.953481520  0.946801509  0.939734797  0.932292124  0.924484483  0.916323110  0.907819458  0.898985183  0.889832126  0.880372291  0.870617828  0.860581016  0.850274242  0.839709983  0.828900793  0.817859276  0.806598076  0.795129858  0.783467287  0.771623016  0.759609666  0.747439814  0.735125972  0.722680574  0.710115965  0.697444379  0.684677930  0.671828599  0.658908217  0.645928456  0.632900814  0.619836608  0.606746957  0.593642776  0.580534765  0.567433398  0.554348918  0.541291323  0.528270364  0.515295535  0.502376066  0.489520919

cv  # ne decay length [cm]
    0.5

# TE
cv  # time-vector [s]
    1
    7.1539

cv  # Te function
    'interp'

cv  # interpolation coordinates
    'poloidal rho'

cv  # of Te interpolation points
    54

cv  # x-grid for Te-interpolation
    0.01771  0.03722  0.05672  0.07623  0.09573  0.11524  0.13474  0.15425  0.17375  0.19326  0.21276  0.23227  0.25177  0.27128  0.29078  0.31029  0.32979  0.34930  0.36880  0.38831  0.40781  0.42731  0.44682  0.46632  0.48583  0.50533  0.52484  0.54434  0.56385  0.58335  0.60286  0.62236  0.64187  0.66137  0.68088  0.70038  0.71989  0.73939  0.75890  0.77840  0.79791  0.81741  0.83692  0.85642  0.87593  0.89543  0.91494  0.93444  0.95395  0.97345  0.99296  1.01246  1.03197  1.05147

cv  # Te data
    3940.21  1.00000  0.99629  0.98859  0.97696  0.96153  0.94245  0.91992  0.89417  0.86547  0.83412  0.80043  0.76474  0.72739  0.68875  0.64917  0.60900  0.56859  0.52829  0.48839  0.44920  0.41099  0.37401  0.33847  0.30455  0.27241  0.24218  0.21393  0.18775  0.16365  0.14164  0.12170  0.10378  0.08783  0.07376  0.06147  0.05086  0.04181  0.03419  0.02788  0.02274  0.01865  0.01548  0.01311  0.01142  0.01031  0.00966  0.00939  0.00942  0.00966  0.01005  0.01054  0.01106  0.01160  0.01210

cv  # Te decay length [cm]
    0.5

# TI
cv  # time-vector
    0
    0.000

