# INFO

# NE
cv  # time-vector [s]
    1
    2.2205

cv  # ne function
    'interp'

cv  # interpolation coordinates
    'volume rho'

cv  # of ne interpolation points
    50

cv  # x-grid for ne-interpolation
    0.000000000  0.020408163  0.040816327  0.061224490  0.081632653  0.102040816  0.122448980  0.142857143  0.163265306  0.183673469  0.204081633  0.224489796  0.244897959  0.265306122  0.285714286  0.306122449  0.326530612  0.346938776  0.367346939  0.387755102  0.408163265  0.428571429  0.448979592  0.469387755  0.489795918  0.510204082  0.530612245  0.551020408  0.571428571  0.591836735  0.612244898  0.632653061  0.653061224  0.673469388  0.693877551  0.714285714  0.734693878  0.755102041  0.775510204  0.795918367  0.816326531  0.836734694  0.857142857  0.877551020  0.897959184  0.918367347  0.938775510  0.959183673  0.979591837  1.000000000

cv  # ne data
    9.27361e+13  1.000000000  1.056762135  1.097007618  1.123512610  1.138810652  1.145192660  1.144706927  1.139159124  1.130112298  1.118886875  1.106560656  1.093968820  1.081703924  1.070115901  1.059312060  1.049157210  1.039315171  1.029452039  1.019341644  1.008869084  0.998030727  0.986934216  0.975798461  0.964953646  0.954841224  0.946013203  0.939077704  0.934534197  0.932719063  0.933804872  0.937800388  0.944550567  0.953736556  0.964875694  0.977321512  0.990263734  1.002728274  1.013577240  1.021508930  1.025057837  1.022594641  1.012326220  0.992295638  0.960382156  0.914301223  0.851604483  0.769679770  0.665751110  0.536878722  0.379959017

cv  # ne decay length [cm]
    5.0

# TE
cv  # time-vector [s]
    1
    2.2205

cv  # Te function
    'interp'

cv  # interpolation coordinates
    'volume rho'

cv  # of Te interpolation points
    50

cv  # x-grid for Te-interpolation
    0.00000  0.02041  0.04082  0.06122  0.08163  0.10204  0.12245  0.14286  0.16327  0.18367  0.20408  0.22449  0.24490  0.26531  0.28571  0.30612  0.32653  0.34694  0.36735  0.38776  0.40816  0.42857  0.44898  0.46939  0.48980  0.51020  0.53061  0.55102  0.57143  0.59184  0.61224  0.63265  0.65306  0.67347  0.69388  0.71429  0.73469  0.75510  0.77551  0.79592  0.81633  0.83673  0.85714  0.87755  0.89796  0.91837  0.93878  0.95918  0.97959  1.00000

cv  # Te data
    2673.14  1.00000  0.99697  0.98796  0.97348  0.95404  0.93015  0.90231  0.87105  0.83686  0.80026  0.76175  0.72186  0.68108  0.63992  0.59891  0.55854  0.51933  0.48178  0.44642  0.41373  0.38424  0.35810  0.33503  0.31473  0.29689  0.28122  0.26740  0.25514  0.24412  0.23404  0.22459  0.21548  0.20639  0.19702  0.18707  0.17625  0.16458  0.15221  0.13932  0.12608  0.11266  0.09923  0.08595  0.07300  0.06055  0.04877  0.03782  0.02788  0.01911  0.01170

cv  # Te decay length [cm]
    5.0

# TI
cv  # time-vector
    0
    0.0000

