# INFO

cv  # time-vector (30ms time shift added)
    9
    0.030  0.13  0.23  0.33  0.43  0.53  0.63  0.73  0.83

cv  # Ne-Funktion
    'interp'

cv  # x-coordinate
    'volume rho'

cv  # of interpolation points
    10

cv  # x-grid for ne-interpolation
    0.014202106  0.080188931  0.15158564  0.22589652  0.30313905  0.46347238  0.63692353  0.73740229  0.83248141  0.93305817

cv  # ne DATA [cm-3]
    1.00000E+00  1.00000  0.992000  0.984000  0.976000  0.968000  0.960000  0.952000  0.944000  0.936000  0.936000
    2.74156e+13  1.00000  0.908721  0.974383  0.861511  0.880391  0.747802  0.592053  0.360861  0.313873  0.188401
    2.09286e+13  1.00000  0.912775  1.001800  0.986721  0.908924  0.911768  0.827958  0.547961  0.341328  0.166097
    1.80141e+13  1.00000  1.052030  1.155080  1.060500  1.07175   1.06934   0.879203  0.639377  0.428507  0.230809
    1.76917e+13  1.00000  0.996783  0.966072  0.977548  0.891793  0.979519  0.844336  0.600984  0.350900  0.247540
    1.71528e+13  1.00000  0.861192  0.992524  0.958848  0.881238  0.994790  0.869998  0.571081  0.425544  0.223996
    1.80312e+13  1.00000  0.955538  1.067600  1.020640  1.003950  1.140760  1.121020  0.856904  0.758358  0.483165
    3.26289e+13  1.00000  0.874483  0.984443  0.945034  0.962253  1.038920  1.205100  0.875290  0.809492  0.277308
    4.79231e+13  1.00000  0.867504  0.884272  0.893229  0.959259  0.905282  0.534495  0.057868  0.056652  0.054600

cv  # Ne  decay length
    5.0 5.0 5.0 5.0 5.0 5.0 5.0 5.0 5.0


cv  # time-vector
    9
    0.030  0.13  0.23  0.33  0.43  0.53  0.63  0.73  0.83

cv  # Te function
    'interp'

cv  # x-coordinate
    'poloidal rho'

cv  # of interpolation points
    10

cv  # x-grid for Te-interpolation
    0.014202106  0.080188931  0.15158564  0.22589652  0.30313905  0.46347238  0.63692353  0.73740229  0.83248141  0.93305817

cv  # Te [eV]
    0.10000  1.000000  0.964651  0.929303  0.8939547  0.8586062  0.8232578  0.7879094  0.7525610  0.66350820  0.56512818
    5094.76  1.000000  1.135670  1.211610  0.8368900  0.5382880  0.2364800  0.0523481  0.0235928  0.00829070  0.00235860
    4987.79  1.000000  1.280030  1.480380  1.2472300  0.8340220  0.6671230  0.2796640  0.2123930  0.07786620  0.01160000
    6629.81  1.000000  0.915507  1.055740  0.9751100  0.5803450  0.5183310  0.2037140  0.1489400  0.06061480  0.02302380
    5006.45  1.000000  1.081860  1.329950  1.3463800  0.8050400  0.8163540  0.3138660  0.2106970  0.07161780  0.04456240
    5516.85  1.000000  1.002490  1.244690  1.0574500  0.6689110  0.8109370  0.3042670  0.1933630  0.08167260  0.02871190
    5381.39  1.000000  1.024570  1.524410  1.0516200  0.6389680  0.5404720  0.1335810  0.1153690  0.04175460  0.01360770
    3446.49  1.000000  1.038330  1.245430  1.0533500  0.7180050  0.2843340  0.0762879  0.0289762  0.01044150  0.00223823
    2448.96  1.000000  1.057240  1.037830  0.6206380  0.2846790  0.0703269  0.0028496  0.0054334  0.00511362  0.00511362

cv  # Te decay length
    5.0  5.0  5.0  5.0  5.0  5.0  5.0  5.0  5.0

cv  # time-vector
    1
    0.00000

cv  # Ti-Funktion
    'interp'

cv  # x-coordinate
    'poloidal rho'

cv  # of interpolation points
    51

cv  # x-grid for Ti-interpolation
    0.0000  0.0200  0.0400  0.0600  0.0800  0.1000  0.1200  0.1400
    0.1600  0.1800  0.2000  0.2200  0.2400  0.2600  0.2800  0.3000
    0.3200  0.3400  0.3600  0.3800  0.4000  0.4200  0.4400  0.4600
    0.4800  0.5000  0.5200  0.5400  0.5600  0.5800  0.6000  0.6200
    0.6400  0.6600  0.6800  0.7000  0.7200  0.7400  0.7600  0.7800
    0.8000  0.8200  0.8400  0.8600  0.8800  0.9000  0.9200  0.9400
    0.9600  0.9800  1.0000

cv  # Ti [keV]
    2260.750  1.000000  0.999819  0.998732  0.996572  0.993518
    0.989702  0.985038  0.979072  0.972112  0.963971  0.954757
    0.944545  0.933271  0.921464  0.909416  0.896807  0.883395
    0.868974  0.853212  0.836068  0.817490  0.797483  0.776103
    0.753491  0.729886  0.705419  0.680219  0.654399  0.628128
    0.601613  0.574937  0.548118  0.521327  0.494638  0.468046
    0.441567  0.415741  0.389895  0.364252  0.339393  0.315030
    0.291613  0.268160  0.244541  0.221148  0.197661  0.174275
    0.151351  0.128877  0.106942  0.085642

cv  # Ti decay length
    5.0


cv  # time-vector
    1
    0.00000

cv  # h0-Funktion
    'interpa'

cv  x-coordinate
    'volume rho'

cv  # of interpolation points
    10

cv  # x-grid for h0-interpolation
    0.014202106  0.080188931  0.15158564  0.22589652  0.30313905  0.46347238  0.63692353  0.73740229  0.83248141  0.93305817

cv  # background density
    0.10000  1.000000  0.964651  0.929303  0.8939547  0.8586062  0.8232578  0.7879094  0.7525610  0.6635082  0.565128180
    5094.76  1.000000  1.135670  1.211610  0.8368900  0.5382880  0.2364800  0.0523481  0.0235928  0.00829070  0.00235860
    4987.79  1.000000  1.280030  1.480380  1.2472300  0.8340220  0.6671230  0.2796640  0.2123930  0.07786620  0.01160000
    6629.81  1.000000  0.915507  1.055740  0.9751100  0.5803450  0.5183310  0.2037140  0.1489400  0.06061480  0.02302380
    5006.45  1.000000  1.081860  1.329950  1.3463800  0.8050400  0.8163540  0.3138660  0.2106970  0.07161780  0.04456240
    5516.85  1.000000  1.002490  1.244690  1.0574500  0.6689110  0.8109370  0.3042670  0.1933630  0.08167260  0.02871190
    5381.39  1.000000  1.024570  1.524410  1.0516200  0.6389680  0.5404720  0.1335810  0.1153690  0.04175460  0.01360770
    3446.49  1.000000  1.038330  1.245430  1.0533500  0.7180050  0.2843340  0.0762879  0.0289762  0.01044150  0.00223823
    2448.96  1.000000  1.057240  1.037830  0.6206380  0.2846790  0.0703269  0.0028496  0.0054334  0.00511362  0.00511362


cv  # time-vector
    1
    0.00000

cv  # Er-Funktion
    'interp'

cv  # x-coordinate
    'volume rho'

cv  # of interpolation points
    51

cv  # x-grid for Er-interpolation
    0.0000 0.0200 0.0400 0.0600 0.0800 0.1000 0.1200 0.1400
    0.1600 0.1800 0.2000 0.2200 0.2400 0.2600 0.2800 0.3000
    0.3200 0.3400 0.3600 0.3800 0.4000 0.4200 0.4400 0.4600
    0.4800 0.5000 0.5200 0.5400 0.5600 0.5800 0.6000 0.6200
    0.6400 0.6600 0.6800 0.7000 0.7200 0.7400 0.7600 0.7800
    0.8000 0.8200 0.8400 0.8600 0.8800 0.9000 0.9200 0.9400
    0.9600 0.9800 1.0000

cv  # Er data
    1.0	0.000e+00 -1.324e+02 -2.470e+02 -3.585e+02 -4.961e+02 -6.466e+02 -7.798e+02 -9.124e+02
    -1.060000e+03 -1.204e+03 -1.322e+03 -1.371e+03 -1.352e+03 -1.294e+03 -1.217e+03 -1.168e+03
    -1.194000e+03 -1.293e+03 -1.437e+03 -1.602e+03 -1.765e+03 -1.918e+03 -2.058e+03 -2.191e+03
    -2.305000e+03 -2.385e+03 -2.429e+03 -2.444e+03 -2.447e+03 -2.432e+03 -2.392e+03 -2.332e+03
    -2.263000e+03 -2.185e+03 -2.121e+03 -2.128e+03 -2.181e+03 -2.298e+03 -2.637e+03 -3.198e+03
    -3.894000e+03 -4.538e+03 -4.944e+03 -5.233e+03 -5.427e+03 -5.490e+03 -5.598e+03 -5.750e+03
    -5.779000e+03 -5.682e+03 -5.471e+03

cv  # Er decay length
    1.0000


-------------------------------------------------------------------------------
#  INFO:
   op1.1 limiter shot 20160309.007
   RUN read_Thomson, dd=09, num=07
-------------------------------------------------------------------------------
#  time in s:
  -1.00000e-09
#  ne_0[0,0], norm_ne_max[0:nr-1]: [m-3]
   6.30489e+19  1.00000  0.897398  0.755103  0.555086  0.534063  0.146903  0.0220846  0.0163693  0.00704287  0.00418991
#  Te_0[0,0], norm_Te_max[0:nr-1]: [eV]
   1083.48  1.00000  0.719022  0.270391  0.0985086  0.0310229  0.00409735  0.599706  4.22514  0.200147  0.248964
-------------------------------------------------------------------------------
#  time in s:
   0.100000
#  ne_0[0,0], norm_ne_max[0:nr-1]: [m-3]
   2.74156e+19  1.00000  0.908721  0.974383  0.861511  0.880391  0.747802  0.592053  0.360861  0.313873  0.188401
#  Te_0[0,0], norm_Te_max[0:nr-1]: [eV]
   5094.76  1.00000  1.13567  1.21161  0.836890  0.538288  0.236480  0.0523481  0.0235928  0.00829070  0.00235860
-------------------------------------------------------------------------------
#  time in s:
   0.200000
#  ne_0[0,0], norm_ne_max[0:nr-1]: [m-3]
   2.09286e+19  1.00000  0.912775  1.00180  0.986721  0.908924  0.911768  0.827958  0.547961  0.341328  0.166097
#  Te_0[0,0],norm_Te_max[0:nr-1]: [eV]
   4987.79   1.00000  1.28003  1.48038  1.24723  0.834022  0.667123  0.279664  0.212393  0.0778662  0.0116000
-------------------------------------------------------------------------------
#  time in s:
   0.300000
#  ne_0[0,0],norm_ne_max[0:nr-1]: [m-3]
   1.80141e+19  1.00000  1.05203  1.15508  1.06050  1.07175  1.06934  0.879203  0.639377  0.428507  0.230809
#  Te_0[0,0],norm_Te_max[0:nr-1]: [eV]
   6629.81  1.00000   0.915507  1.05574  0.975110  0.580345  0.518331  0.203714  0.148940  0.0606148  0.0230238
-------------------------------------------------------------------------------
#  time in s:
   0.400000
#  ne_0[0,0],norm_ne_max[0:nr-1]: [m-3]
   1.76917e+19  1.00000  0.996783  0.966072  0.977548  0.891793  0.979519  0.844336  0.600984  0.350900  0.247540
#  Te_0[0,0],norm_Te_max[0:nr-1]: [eV]
   5006.45  1.00000   1.08186  1.32995  1.34638  0.805040  0.816354  0.313866  0.210697  0.0716178  0.0445624
-------------------------------------------------------------------------------
#  time in s:
   0.500000
#  ne_0[0,0],norm_ne_max[0:nr-1]: [m-3]
   1.71528e+19  1.00000  0.861192  0.992524  0.958848  0.881238  0.994790  0.869998  0.571081  0.425544  0.223996
#  Te_0[0,0],norm_Te_max[0:nr-1]: [eV]
   5516.85  1.00000  1.00249  1.24469  1.05745  0.668911  0.810937  0.304267  0.193363  0.0816726  0.0287119
-------------------------------------------------------------------------------
#  time in s:
   0.600000
#  ne_0[0,0],norm_ne_max[0:nr-1]: [m-3]
   1.80312e+19  1.00000  0.955538  1.06760  1.02064  1.00395  1.14076  1.12102  0.856904  0.758358  0.483165
#  Te_0[0,0],norm_Te_max[0:nr-1]: [eV]
   5381.39  1.00000  1.02457  1.52441  1.05162  0.638968  0.540472  0.133581  0.115369  0.0417546  0.0136077
-------------------------------------------------------------------------------
#  time in s:
   0.700000
#  ne_0[0,0],norm_ne_max[0:nr-1]: [m-3]
   3.26289e+19  1.00000  0.874483  0.984443  0.945034  0.962253  1.03892  1.20510  0.875290  0.809492  0.277308
#  Te_0[0,0],norm_Te_max[0:nr-1]:
   3446.49  1.00000  1.03833  1.24543  1.05335  0.718005  0.284334  0.0762879  0.0289762  0.0104415  0.00223823
-------------------------------------------------------------------------------
#  time in s:
   0.800000
#  ne_0[0,0],norm_ne_max[0:nr-1]: [m-3]
   4.79231e+19  1.00000  0.867504  0.884272  0.893229  0.959259  0.905282  0.534495  0.0578687  0.0566528  0.0546004
#  Te_0[0,0],norm_Te_max[0:nr-1]: [eV]
   2448.96  1.00000  1.05724  1.03783  0.620638  0.284679  0.0703269  0.00284968  0.00543348  0.00511362  0.128801
