# INFO

# NE
cv  # time-vector [s]
    1
    2.2205

cv  # ne function
    'interp'

cv  # interpolation coordinates
    'volume rho'

cv  # of ne interpolation points
    100

cv  # x-grid for ne-interpolation
    0.000000000  0.010101010  0.020202020  0.030303030  0.040404040  0.050505051  0.060606061  0.070707071  0.080808081  0.090909091  0.101010101  0.111111111  0.121212121  0.131313131  0.141414141  0.151515152  0.161616162  0.171717172  0.181818182  0.191919192  0.202020202  0.212121212  0.222222222  0.232323232  0.242424242  0.252525253  0.262626263  0.272727273  0.282828283  0.292929293  0.303030303  0.313131313  0.323232323  0.333333333  0.343434343  0.353535354  0.363636364  0.373737374  0.383838384  0.393939394  0.404040404  0.414141414  0.424242424  0.434343434  0.444444444  0.454545455  0.464646465  0.474747475  0.484848485  0.494949495  0.505050505  0.515151515  0.525252525  0.535353535  0.545454545  0.555555556  0.565656566  0.575757576  0.585858586  0.595959596  0.606060606  0.616161616  0.626262626  0.636363636  0.646464646  0.656565657  0.666666667  0.676767677  0.686868687  0.696969697  0.707070707  0.717171717  0.727272727  0.737373737  0.747474747  0.757575758  0.767676768  0.777777778  0.787878788  0.797979798  0.808080808  0.818181818  0.828282828  0.838383838  0.848484848  0.858585859  0.868686869  0.878787879  0.888888889  0.898989899  0.909090909  0.919191919  0.929292929  0.939393939  0.949494949  0.959595960  0.969696970  0.979797980  0.989898990  1.000000000

cv  # ne data
    1.05157e+14  1.000000000  0.990791499  0.982194045  0.974188754  0.966756743  0.959879130  0.953537029  0.947711560  0.942383837  0.937534978  0.933146099  0.929198317  0.925672749  0.922550511  0.919812720  0.917440493  0.915414947  0.913717197  0.912328362  0.911229557  0.910401899  0.909826505  0.909484492  0.909356976  0.909425074  0.909669902  0.910072578  0.910614218  0.911275939  0.912038857  0.912884089  0.913792752  0.914745962  0.915724837  0.916710492  0.917684045  0.918626612  0.919519310  0.920343256  0.921079566  0.921709357  0.922213745  0.922573848  0.922770782  0.922785664  0.922599610  0.922193737  0.921549161  0.920647001  0.919468371  0.917994390  0.916206173  0.914084837  0.911611499  0.908767275  0.905533283  0.901890639  0.897820459  0.893303861  0.888321961  0.882855876  0.876886722  0.870395616  0.863363675  0.855772015  0.847601754  0.838834007  0.829449892  0.819430525  0.808757023  0.797410503  0.785372081  0.772622874  0.759143999  0.744916572  0.729921710  0.714140529  0.697554147  0.680143681  0.661890246  0.642774959  0.622778938  0.601883298  0.580069158  0.557317632  0.533609838  0.508926893  0.483249913  0.456560015  0.428838316  0.400065932  0.370223980  0.339293577  0.307255840  0.274091884  0.239782827  0.204309786  0.167653877  0.129796217  0.090717922

cv  # ne decay length [cm]
    5.0

# TE
cv  # time-vector [s]
    1
    2.2205

cv  # Te function
    'interp'

cv  # interpolation coordinates
    'volume rho'

cv  # of Te interpolation points
    100

cv  # x-grid for Te-interpolation
    0.00000  0.01010  0.02020  0.03030  0.04040  0.05051  0.06061  0.07071  0.08081  0.09091  0.10101  0.11111  0.12121  0.13131  0.14141  0.15152  0.16162  0.17172  0.18182  0.19192  0.20202  0.21212  0.22222  0.23232  0.24242  0.25253  0.26263  0.27273  0.28283  0.29293  0.30303  0.31313  0.32323  0.33333  0.34343  0.35354  0.36364  0.37374  0.38384  0.39394  0.40404  0.41414  0.42424  0.43434  0.44444  0.45455  0.46465  0.47475  0.48485  0.49495  0.50505  0.51515  0.52525  0.53535  0.54545  0.55556  0.56566  0.57576  0.58586  0.59596  0.60606  0.61616  0.62626  0.63636  0.64646  0.65657  0.66667  0.67677  0.68687  0.69697  0.70707  0.71717  0.72727  0.73737  0.74747  0.75758  0.76768  0.77778  0.78788  0.79798  0.80808  0.81818  0.82828  0.83838  0.84848  0.85859  0.86869  0.87879  0.88889  0.89899  0.90909  0.91919  0.92929  0.93939  0.94949  0.95960  0.96970  0.97980  0.98990  1.00000

cv  # Te data
    2799.43  1.00000  0.99225  0.98352  0.97386  0.96333  0.95199  0.93990  0.92710  0.91365  0.89960  0.88501  0.86991  0.85436  0.83840  0.82209  0.80546  0.78855  0.77141  0.75408  0.73660  0.71900  0.70132  0.68360  0.66586  0.64815  0.63050  0.61293  0.59547  0.57815  0.56100  0.54405  0.52731  0.51081  0.49457  0.47862  0.46296  0.44763  0.43263  0.41798  0.40369  0.38978  0.37627  0.36315  0.35044  0.33814  0.32627  0.31483  0.30382  0.29325  0.28311  0.27341  0.26415  0.25532  0.24692  0.23895  0.23140  0.22427  0.21754  0.21121  0.20526  0.19969  0.19447  0.18960  0.18507  0.18084  0.17691  0.17325  0.16985  0.16668  0.16372  0.16095  0.15833  0.15584  0.15346  0.15116  0.14890  0.14664  0.14437  0.14205  0.13963  0.13708  0.13437  0.13145  0.12828  0.12483  0.12104  0.11688  0.11230  0.10725  0.10168  0.09555  0.08880  0.08138  0.07325  0.06433  0.05459  0.04396  0.03238  0.01980  0.00615

cv  # Te decay length [cm]
    5.0

# TI
cv  # time-vector
    0
    0.0000

