# INFO

# NE
cv  # time-vector [s]
    1
    3.421

cv  # ne function
    'interp'

cv  # interpolation coordinates
    'volume rho'

cv  # of ne interpolation points
    50

cv  # x-grid for ne-interpolation
    0.000000000  0.020408163  0.040816327  0.061224490  0.081632653  0.102040816  0.122448980  0.142857143  0.163265306  0.183673469  0.204081633  0.224489796  0.244897959  0.265306122  0.285714286  0.306122449  0.326530612  0.346938776  0.367346939  0.387755102  0.408163265  0.428571429  0.448979592  0.469387755  0.489795918  0.510204082  0.530612245  0.551020408  0.571428571  0.591836735  0.612244898  0.632653061  0.653061224  0.673469388  0.693877551  0.714285714  0.734693878  0.755102041  0.775510204  0.795918367  0.816326531  0.836734694  0.857142857  0.877551020  0.897959184  0.918367347  0.938775510  0.959183673  0.979591837  1.000000000

cv  # ne data
    1.28581e+14  1.000000000  0.980973062  0.971145869  0.967812366  0.968596785  0.971453635  0.974667714  0.976854099  0.976958150  0.974255511  0.968352108  0.959184151  0.947018132  0.932445342  0.916246769  0.899159844  0.881836476  0.864842981  0.848660086  0.833682926  0.820221049  0.808498407  0.798653365  0.790738696  0.784721583  0.780483793  0.777834931  0.776552563  0.776395466  0.777103808  0.778399144  0.779984419  0.781543965  0.782743504  0.783230145  0.782632387  0.780560117  0.776604610  0.770338531  0.761315932  0.749072255  0.733124330  0.712970374  0.688089995  0.657944188  0.621975338  0.579607217  0.530244987  0.473275197  0.408065785

cv  # ne decay length [cm]
    5.0

# TE
cv  # time-vector [s]
    1
    3.421

cv  # Te function
    'interp'

cv  # interpolation coordinates
    'volume rho'

cv  # of Te interpolation points
    50

cv  # x-grid for Te-interpolation
    0.00000  0.02041  0.04082  0.06122  0.08163  0.10204  0.12245  0.14286  0.16327  0.18367  0.20408  0.22449  0.24490  0.26531  0.28571  0.30612  0.32653  0.34694  0.36735  0.38776  0.40816  0.42857  0.44898  0.46939  0.48980  0.51020  0.53061  0.55102  0.57143  0.59184  0.61224  0.63265  0.65306  0.67347  0.69388  0.71429  0.73469  0.75510  0.77551  0.79592  0.81633  0.83673  0.85714  0.87755  0.89796  0.91837  0.93878  0.95918  0.97959  1.00000

cv  # Te data
    2140.71  1.00000  1.01409  1.01755  1.01140  0.99664  0.97429  0.94535  0.91084  0.87176  0.82913  0.78395  0.73724  0.69000  0.64325  0.59799  0.55523  0.51557  0.47893  0.44515  0.41409  0.38560  0.35953  0.33572  0.31403  0.29431  0.27641  0.26018  0.24546  0.23211  0.21998  0.20892  0.19878  0.18941  0.18066  0.17238  0.16441  0.15662  0.14884  0.14094  0.13276  0.12414  0.11495  0.10503  0.09423  0.08240  0.06939  0.05506  0.03924  0.02180  0.00258

cv  # Te decay length [cm]
    5.0

# TI
cv  # time-vector
    0
    0.000

